0  91.187  91.187   1.000  2.822E-02  1.293E-04  0.000E+00  0.000E+00   0.36  2.754E+00  9.119E+01   1.00  1.00347
0  91.187  91.187   3.000  5.840E-02  2.116E-04  0.000E+00  0.000E+00   0.35  2.713E+00  9.119E+01   1.00  1.00144
0  91.187  91.187   5.000  5.805E-02  1.661E-04  0.000E+00  0.000E+00   0.36  2.668E+00  9.119E+01   1.00  1.00144
0  91.187  91.187   7.000  4.917E-02  1.398E-04  0.000E+00  0.000E+00   0.36  2.668E+00  9.119E+01   1.00  0.999992
0  91.187  91.187   9.000  4.076E-02  1.337E-04  0.000E+00  0.000E+00   0.36  2.668E+00  9.119E+01   1.00  0.996652
0  91.187  91.187  11.000  3.380E-02  1.173E-04  0.000E+00  0.000E+00   0.36  2.668E+00  9.119E+01   1.00  0.995545
0  91.187  91.187  13.000  2.815E-02  1.015E-04  0.000E+00  0.000E+00   0.36  2.668E+00  9.119E+01   1.00  0.993192
0  91.187  91.187  15.000  2.375E-02  8.902E-05  0.000E+00  0.000E+00   0.36  2.668E+00  9.119E+01   1.00  0.991574
0  91.187  91.187  17.000  2.012E-02  8.121E-05  0.000E+00  0.000E+00   0.36  2.668E+00  9.119E+01   1.00  0.990466
0  91.187  91.187  20.000  1.595E-02  5.639E-05  0.000E+00  0.000E+00   0.36  2.668E+00  9.119E+01   1.00  0.988822
1  91.187  91.187   1.000  786.0      3.60  0.000E+00  0.000E+00   0.36  2.754E+00  9.119E+01   1.00  1.00347
1  91.187  91.187   3.000  1626.7     5.894  0.000E+00  0.000E+00   0.35  2.713E+00  9.119E+01   1.00  1.00144
1  91.187  91.187   5.000  1616.9     4.627  0.000E+00  0.000E+00   0.36  2.668E+00  9.119E+01   1.00  1.00144
1  91.187  91.187   7.000  1369.6     3.89  0.000E+00  0.000E+00   0.36  2.668E+00  9.119E+01   1.00  0.999992
1  91.187  91.187   9.000  1135.3     3.72  0.000E+00  0.000E+00   0.36  2.668E+00  9.119E+01   1.00  0.996652
1  91.187  91.187  11.000  941.46     3.267  0.000E+00  0.000E+00   0.36  2.668E+00  9.119E+01   1.00  0.995545
1  91.187  91.187  13.000  784.09     2.827  0.000E+00  0.000E+00   0.36  2.668E+00  9.119E+01   1.00  0.993192
1  91.187  91.187  15.000  661.53     2.480  0.000E+00  0.000E+00   0.36  2.668E+00  9.119E+01   1.00  0.991574
1  91.187  91.187  17.000  560.42     2.262  0.000E+00  0.000E+00   0.36  2.668E+00  9.119E+01   1.00  0.990466
1  91.187  91.187  20.000  444.27     1.571  0.000E+00  0.000E+00   0.36  2.668E+00  9.119E+01   1.00  0.988822
2  91.187  91.187   1.000  0.02669   5.97E-5    0.000E+00  0.000E+00   9.50  2.754E+00  9.119E+01   1.00  1.01761 
2  91.187  91.187   3.000  0.05545   7.84E-5    0.000E+00  0.000E+00   6.20  2.713E+00  9.119E+01   1.00  1.01645
2  91.187  91.187   5.000  0.05590   7.91E-5    0.000E+00  0.000E+00   4.30  2.668E+00  9.119E+01   1.00  1.01404
2  91.187  91.187   7.000  0.04847   6.85E-5    0.000E+00  0.000E+00   3.30  2.668E+00  9.119E+01   1.00  1.00939
2  91.187  91.187   9.000  0.04047   5.72E-5    0.000E+00  0.000E+00   3.30  2.668E+00  9.119E+01   1.00  1.00686
3  91.187  91.187   1.000  690.0   15.43    0.000E+00  0.000E+00   9.50    2.754E+00  9.119E+01   1.00  1.01761 
3  91.187  91.187   3.000  1433.5  20.27    0.000E+00  0.000E+00   6.20    2.713E+00  9.119E+01   1.00  1.01645
3  91.187  91.187   5.000  1445.1  20.45    0.000E+00  0.000E+00   4.30    2.668E+00  9.119E+01   1.00  1.01404
3  91.187  91.187   7.000  1253.0  17.71    0.000E+00  0.000E+00   3.30    2.668E+00  9.119E+01   1.00  1.00939
3  91.187  91.187   9.000  1046.2  14.79    0.000E+00  0.000E+00   3.30    2.668E+00  9.119E+01   1.00  1.00686
4  91.187  91.187   0.250  9.950E+01  1.600E+01  0.000E+00  0.000E+00   4.00  1.993E+00  9.119E+01   1.00  1.00   
4  91.187  91.187   0.750  3.000E+02  3.000E+01  0.000E+00  0.000E+00   4.00  1.990E+00  9.119E+01   1.00  1.00 
4  91.187  91.187   1.250  4.400E+02  3.600E+01  0.000E+00  0.000E+00   4.00  1.986E+00  9.119E+01   1.00  1.00
4  91.187  91.187   1.750  5.760E+02  4.200E+01  0.000E+00  0.000E+00   4.00  1.980E+00  9.119E+01   1.00  1.00
4  91.187  91.187   2.250  6.000E+02  4.200E+01  0.000E+00  0.000E+00   4.00  1.974E+00  9.119E+01   1.00  1.00
4  91.187  91.187   2.750  7.010E+02  4.500E+01  0.000E+00  0.000E+00   4.00  1.968E+00  9.119E+01   1.00  1.00
4  91.187  91.187   3.250  7.010E+02  4.200E+01  0.000E+00  0.000E+00   4.00  1.962E+00  9.119E+01   1.00  1.00
4  91.187  91.187   3.750  6.830E+02  4.200E+01  0.000E+00  0.000E+00   4.00  1.957E+00  9.119E+01   1.00  1.00
4  91.187  91.187   4.250  5.910E+02  3.900E+01  0.000E+00  0.000E+00   4.00  1.951E+00  9.119E+01   1.00  1.00
4  91.187  91.187   4.750  5.730E+02  3.600E+01  0.000E+00  0.000E+00   4.00  1.946E+00  9.119E+01   1.00  1.00
4  91.187  91.187   5.250  5.320E+02  3.600E+01  0.000E+00  0.000E+00   4.00  1.941E+00  9.119E+01   1.00  1.00
4  91.187  91.187   5.750  5.350E+02  3.600E+01  0.000E+00  0.000E+00   4.00  1.936E+00  9.119E+01   1.00  1.00
4  91.187  91.187   6.250  4.340E+02  3.000E+01  0.000E+00  0.000E+00   4.00  1.932E+00  9.119E+01   1.00  1.00
4  91.187  91.187   6.750  4.310E+02  3.000E+01  0.000E+00  0.000E+00   4.00  1.928E+00  9.119E+01   1.00  1.00
4  91.187  91.187   7.250  4.010E+02  3.000E+01  0.000E+00  0.000E+00   4.00  1.924E+00  9.119E+01   1.00  1.00
4  91.187  91.187   7.750  4.070E+02  3.000E+01  0.000E+00  0.000E+00   4.00  1.920E+00  9.119E+01   1.00  1.00
4  91.187  91.187   8.250  3.540E+02  2.700E+01  0.000E+00  0.000E+00   4.00  1.916E+00  9.119E+01   1.00  1.00
4  91.187  91.187   8.750  3.090E+02  2.700E+01  0.000E+00  0.000E+00   4.00  1.912E+00  9.119E+01   1.00  1.00
4  91.187  91.187   9.250  3.300E+02  2.700E+01  0.000E+00  0.000E+00   4.00  1.908E+00  9.119E+01   1.00  1.00
4  91.187  91.187   9.750  2.840E+02  2.400E+01  0.000E+00  0.000E+00   4.00  1.905E+00  9.119E+01   1.00  1.00
4  91.187  91.187  10.250  2.481E+02  2.258E+01  0.000E+00  0.000E+00   4.00  1.902E+00  9.119E+01   1.00  1.00
4  91.187  91.187  10.750  2.323E+02  2.198E+01  0.000E+00  0.000E+00   4.00  1.899E+00  9.119E+01   1.00  1.00
4  91.187  91.187  11.250  2.430E+02  2.258E+01  0.000E+00  0.000E+00   4.00  1.895E+00  9.119E+01   1.00  1.00
4  91.187  91.187  11.750  2.222E+02  2.139E+01  0.000E+00  0.000E+00   4.00  1.892E+00  9.119E+01   1.00  1.00
4  91.187  91.187  12.500  2.142E+02  1.575E+01  0.000E+00  0.000E+00   4.00  1.888E+00  9.119E+01   1.00  1.00
4  91.187  91.187  13.500  1.797E+02  1.396E+01  0.000E+00  0.000E+00   4.00  1.882E+00  9.119E+01   1.00  1.00
4  91.187  91.187  14.500  1.405E+02  1.218E+01  0.000E+00  0.000E+00   4.00  1.876E+00  9.119E+01   1.00  1.00
4  91.187  91.187  15.500  1.548E+02  1.307E+01  0.000E+00  0.000E+00   4.00  1.870E+00  9.119E+01   1.00  1.00
4  91.187  91.187  16.500  1.325E+02  1.188E+01  0.000E+00  3.925E-02   4.00  1.865E+00  9.119E+01   1.00  1.00
4  91.187  91.187  17.500  1.272E+02  1.159E+01  0.000E+00  4.865E-02   4.00  1.860E+00  9.119E+01   1.00  1.00
4  91.187  91.187  18.500  1.043E+02  1.040E+01  0.000E+00  4.125E-02   4.00  1.854E+00  9.119E+01   1.00  1.00
4  91.187  91.187  19.500  8.942E+01  9.804E+00  0.000E+00  4.025E-02   4.00  1.849E+00  9.119E+01   1.00  1.00
5  91.187  91.187   0.250  1.073E+02  5.098E+00  0.000E+00  0.000E+00   4.00  2.049E+00  9.119E+01   1.00  1.00  
5  91.187  91.187   0.750  2.995E+02  8.554E+00  0.000E+00  0.000E+00   4.00  2.046E+00  9.119E+01   1.00  1.00
5  91.187  91.187   1.250  4.608E+02  1.077E+01  0.000E+00  0.000E+00   4.00  2.042E+00  9.119E+01   1.00  1.00
5  91.187  91.187   1.750  5.784E+02  1.236E+01  0.000E+00  0.000E+00   4.00  2.036E+00  9.119E+01   1.00  1.00
5  91.187  91.187   2.250  6.411E+02  1.316E+01  0.000E+00  0.000E+00   4.00  2.030E+00  9.119E+01   1.00  1.00
5  91.187  91.187   2.750  6.818E+02  1.371E+01  0.000E+00  0.000E+00   4.00  2.024E+00  9.119E+01   1.00  1.00
5  91.187  91.187   3.250  6.708E+02  1.330E+01  0.000E+00  0.000E+00   4.00  2.018E+00  9.119E+01   1.00  1.00
5  91.187  91.187   3.750  6.640E+02  1.330E+01  0.000E+00  0.000E+00   4.00  2.012E+00  9.119E+01   1.00  1.00
5  91.187  91.187   4.250  6.123E+02  1.264E+01  0.000E+00  0.000E+00   4.00  2.007E+00  9.119E+01   1.00  1.00
5  91.187  91.187   4.750  5.903E+02  1.223E+01  0.000E+00  0.000E+00   4.00  2.002E+00  9.119E+01   1.00  1.00
5  91.187  91.187   5.250  5.573E+02  1.183E+01  0.000E+00  0.000E+00   4.00  1.997E+00  9.119E+01   1.00  1.00
5  91.187  91.187   5.750  5.137E+02  1.129E+01  0.000E+00  0.000E+00   4.00  1.993E+00  9.119E+01   1.00  1.00
5  91.187  91.187   6.250  4.643E+02  1.063E+01  0.000E+00  0.000E+00   4.00  1.988E+00  9.119E+01   1.00  1.00
5  91.187  91.187   6.750  4.361E+02  1.023E+01  0.000E+00  0.000E+00   4.00  1.984E+00  9.119E+01   1.00  1.00
5  91.187  91.187   7.250  4.082E+02  9.835E+00  0.000E+00  0.000E+00   4.00  1.980E+00  9.119E+01   1.00  1.00
5  91.187  91.187   7.750  3.883E+02  9.713E+00  0.000E+00  0.000E+00   4.00  1.977E+00  9.119E+01   1.00  1.00
5  91.187  91.187   8.250  3.515E+02  9.050E+00  0.000E+00  0.000E+00   4.00  1.973E+00  9.119E+01   1.00  1.00
5  91.187  91.187   8.750  3.304E+02  8.662E+00  0.000E+00  0.000E+00   4.00  1.970E+00  9.119E+01   1.00  1.00
5  91.187  91.187   9.250  3.069E+02  8.387E+00  0.000E+00  0.000E+00   4.00  1.966E+00  9.119E+01   1.00  1.00
5  91.187  91.187   9.750  3.042E+02  8.662E+00  0.000E+00  0.000E+00   4.00  1.963E+00  9.119E+01   1.00  1.00
5  91.187  91.187  10.250  2.687E+02  7.768E+00  0.000E+00  0.000E+00   4.00  1.960E+00  9.119E+01   1.00  1.00
5  91.187  91.187  10.750  2.464E+02  7.302E+00  0.000E+00  0.000E+00   4.00  1.956E+00  9.119E+01   1.00  1.00
5  91.187  91.187  11.250  2.471E+02  7.536E+00  0.000E+00  0.000E+00   4.00  1.953E+00  9.119E+01   1.00  1.00
5  91.187  91.187  11.750  2.311E+02  7.197E+00  0.000E+00  0.000E+00   4.00  1.951E+00  9.119E+01   1.00  1.00
5  91.187  91.187  12.250  2.218E+02  7.112E+00  0.000E+00  0.000E+00   4.00  1.948E+00  9.119E+01   1.00  1.00
5  91.187  91.187  12.750  2.032E+02  6.708E+00  0.000E+00  0.000E+00   4.00  1.945E+00  9.119E+01   1.00  1.00
5  91.187  91.187  13.250  1.905E+02  6.474E+00  0.000E+00  0.000E+00   4.00  1.942E+00  9.119E+01   1.00  1.00
5  91.187  91.187  13.750  1.848E+02  6.465E+00  0.000E+00  0.000E+00   4.00  1.939E+00  9.119E+01   1.00  1.00
5  91.187  91.187  14.250  1.750E+02  6.317E+00  0.000E+00  3.925E-02   4.00  1.936E+00  9.119E+01   1.00  1.00
5  91.187  91.187  14.750  1.593E+02  5.876E+00  0.000E+00  4.865E-02   4.00  1.933E+00  9.119E+01   1.00  1.00
5  91.187  91.187  15.250  1.541E+02  5.860E+00  0.000E+00  4.125E-02   4.00  1.930E+00  9.119E+01   1.00  1.00
5  91.187  91.187  15.750  1.424E+02  5.571E+00  0.000E+00  4.025E-02   4.00  1.928E+00  9.119E+01   1.00  1.00
5  91.187  91.187  16.250  1.316E+02  5.282E+00  0.000E+00  2.845E-02   4.00  1.925E+00  9.119E+01   1.00  1.00
5  91.187  91.187  16.750  1.233E+02  5.058E+00  0.000E+00  2.685E-02   4.00  1.923E+00  9.119E+01   1.00  1.00
5  91.187  91.187  17.250  1.291E+02  5.476E+00  0.000E+00  1.940E-02   4.00  1.920E+00  9.119E+01   1.00  1.00
5  91.187  91.187  17.750  1.168E+02  5.073E+00  0.000E+00  1.665E-02   4.00  1.918E+00  9.119E+01   1.00  1.00
5  91.187  91.187  18.250  1.116E+02  4.972E+00  0.000E+00  2.195E-02   4.00  1.915E+00  9.119E+01   1.00  1.00
5  91.187  91.187  18.750  1.115E+02  5.088E+00  0.000E+00  1.840E-02   4.00  1.913E+00  9.119E+01   1.00  1.00
5  91.187  91.187  19.250  1.065E+02  4.959E+00  0.000E+00  1.850E-02   4.00  1.910E+00  9.119E+01   1.00  1.00
5  91.187  91.187  19.750  9.813E+01  4.685E+00  0.000E+00  1.295E-02   4.00  1.908E+00  9.119E+01   1.00  1.00
5  91.187  91.187  20.250  8.770E+01  4.312E+00  0.000E+00  1.120E-02   4.00  1.906E+00  9.119E+01   1.00  1.00
6  91.187  91.187   1.250  3.22E-02  0.13E-02  0.000E+00  0.000E+00   9.36  2.754E+00  9.119E+01   1.00  0.965346
6  91.187  91.187   3.750  5.92E-02  0.17E-02  0.000E+00  0.000E+00   6.35  2.713E+00  9.119E+01   1.00  0.971299
6  91.187  91.187   6.250  5.50E-02  0.16E-02  0.000E+00  0.000E+00   4.36  2.668E+00  9.119E+01   1.00  0.985502
6  91.187  91.187   8.750  3.96E-02  0.14E-02  0.000E+00  0.000E+00   3.36  2.668E+00  9.119E+01   1.00  0.995056
7  91.187  91.187   1.250  934.3  37.7  0.000E+00  0.000E+00   9.36   2.754E+00  9.119E+01   1.00  0.965346
7  91.187  91.187   3.750  1717.7 49.3  0.000E+00  0.000E+00   6.35   2.713E+00  9.119E+01   1.00  0.971299
7  91.187  91.187   6.250  1595.8 46.4  0.000E+00  0.000E+00   4.36   2.668E+00  9.119E+01   1.00  0.985502
7  91.187  91.187   8.750  1149.0 40.6 0.000E+00  0.000E+00   3.36   2.668E+00  9.119E+01   1.00  0.995056
8  91.187  91.187   1.250  3.34E-02  7.01E-05  0.000E+00  0.000E+00   0.36  2.754E+00  9.119E+01   1.00  0.945393 
8  91.187  91.187   3.750  5.53E-02  1.44E-04  0.000E+00  0.000E+00   0.35  2.713E+00  9.119E+01   1.00  0.955069
8  91.187  91.187   6.250  5.19E-02  1.30E-04  0.000E+00  0.000E+00   0.36  2.668E+00  9.119E+01   1.00  0.974468
8  91.187  91.187   8.750  3.86E-02  8.88E-05  0.000E+00  0.000E+00   0.36  2.668E+00  9.119E+01   1.00  0.984054
8  91.187  91.187  11.250  3.55E-02  7.81E-05  0.000E+00  0.000E+00   0.36  2.668E+00  9.119E+01   1.00  0.991085
8  91.187  91.187  13.750  2.41E-02  4.58E-05  0.000E+00  0.000E+00   0.36  2.668E+00  9.119E+01   1.00  0.995716
8  91.187  91.187  16.250  2.25E-02  3.83E-05  0.000E+00  0.000E+00   0.36  2.668E+00  9.119E+01   1.00  1.00572
8  91.187  91.187  18.750  1.72E-02  2.58E-05  0.000E+00  0.000E+00   0.36  2.668E+00  9.119E+01   1.00  1.00524
9  91.187  91.187   1.250  1144.25  24.0  0.000E+00  0.000E+00   9.36   2.754E+00  9.119E+01   1.00  0.945393 
9  91.187  91.187   3.750  1894.5   49.3  0.000E+00  0.000E+00   6.35   2.713E+00  9.119E+01   1.00  0.955069
9  91.187  91.187   6.250  1778.0   44.5  0.000E+00  0.000E+00   4.36   2.668E+00  9.119E+01   1.00  0.974468
9  91.187  91.187   8.750  1322.4   30.4  0.000E+00  0.000E+00   3.36   2.668E+00  9.119E+01   1.00  0.984054
9  91.187  91.187  11.250  1216.2   26.8  0.000E+00  0.000E+00   3.36   2.668E+00  9.119E+01   1.00  0.991085
9  91.187  91.187  13.750  825.6    15.7  0.000E+00  0.000E+00   2.36   2.668E+00  9.119E+01   1.00  0.995716
9  91.187  91.187  16.250  770.8    13.1  0.000E+00  0.000E+00   2.36   2.668E+00  9.119E+01   1.00  1.00572
9  91.187  91.187  18.750  593.9    88.4  0.000E+00  0.000E+00   2.36   2.668E+00  9.119E+01   1.00  1.00524
10  91.187  91.187   0.500  1.790E+02  1.600E+01  0.000E+00  0.000E+00   4.00  1.992E+00  9.119E+01   1.00  1.00  
10  91.187  91.187   1.500  4.810E+02  2.900E+01  0.000E+00  0.000E+00   4.00  1.983E+00  9.119E+01   1.00  1.00
10  91.187  91.187   2.500  6.060E+02  3.300E+01  0.000E+00  0.000E+00   4.00  1.971E+00  9.119E+01   1.00  1.00
10  91.187  91.187   3.500  5.850E+02  3.300E+01  0.000E+00  0.000E+00   4.00  1.959E+00  9.119E+01   1.00  1.00
10  91.187  91.187   4.500  4.810E+02  2.700E+01  0.000E+00  0.000E+00   4.00  1.948E+00  9.119E+01   1.00  1.00
10  91.187  91.187   5.500  4.460E+02  2.600E+01  0.000E+00  0.000E+00   4.00  1.939E+00  9.119E+01   1.00  1.00
10  91.187  91.187   6.500  4.190E+02  2.500E+01  0.000E+00  0.000E+00   4.00  1.930E+00  9.119E+01   1.00  1.00
10  91.187  91.187   7.500  3.300E+02  2.200E+01  0.000E+00  0.000E+00   4.00  1.922E+00  9.119E+01   1.00  1.00
10  91.187  91.187   8.500  2.970E+02  2.050E+01  0.000E+00  0.000E+00   4.00  1.915E+00  9.119E+01   1.00  1.00
10  91.187  91.187   9.500  2.760E+02  2.000E+01  0.000E+00  0.000E+00   4.00  1.907E+00  9.119E+01   1.00  1.00
10  91.187  91.187  11.000  2.150E+02  1.600E+01  0.000E+00  0.000E+00   4.00  1.897E+00  9.119E+01   1.00  1.00
10  91.187  91.187  13.000  1.620E+02  1.300E+01  0.000E+00  0.000E+00   4.00  1.885E+00  9.119E+01   1.00  1.00
10  91.187  91.187  15.000  1.320E+02  1.160E+01  0.000E+00  0.000E+00   4.00  1.873E+00  9.119E+01   1.00  1.00
10  91.187  91.187  17.000  1.050E+02  9.800E+00  0.000E+00  0.000E+00   4.00  1.862E+00  9.119E+01   1.00  1.00
10  91.187  91.187  19.000  9.540E+01  9.200E+00  0.000E+00  0.000E+00   4.00  1.851E+00  9.119E+01   1.00  1.00
11  91.187  91.187   1.100  3.780E+02  1.966E+01  0.000E+00  0.000E+00   4.00  2.043E+00  9.119E+01   1.00  1.00  
11  91.187  91.187   4.000  5.776E+02  1.619E+01  0.000E+00  0.000E+00   4.00  2.010E+00  9.119E+01   1.00  1.00
11  91.187  91.187   6.200  4.554E+02  1.283E+01  0.000E+00  0.000E+00   4.00  1.989E+00  9.119E+01   1.00  1.00
11  91.187  91.187   8.700  3.198E+02  1.024E+01  0.000E+00  0.000E+00   4.00  1.970E+00  9.119E+01   1.00  1.00
11  91.187  91.187  11.300  2.280E+02  8.150E+00  0.000E+00  0.000E+00   4.00  1.953E+00  9.119E+01   1.00  1.00
11  91.187  91.187  13.700  1.785E+02  6.642E+00  0.000E+00  0.000E+00   4.00  1.939E+00  9.119E+01   1.00  1.00
11  91.187  91.187  16.200  1.354E+02  5.627E+00  0.000E+00  0.000E+00   4.00  1.926E+00  9.119E+01   1.00  1.00
11  91.187  91.187  18.700  1.036E+02  5.094E+00  0.000E+00  0.000E+00   4.00  1.913E+00  9.119E+01   1.00  1.00
12   4.000   5.000   0.100  6.290E+00  3.200E-01  0.000E+00  0.000E+00    25   3.000E-02  5.452E+00   1.00      1.45    
12   4.000   5.000   0.300  5.880E+00  2.400E-01  0.000E+00  0.000E+00    25   3.000E-02  5.455E+00   1.00      2.04  
12   4.000   5.000   0.500  4.750E+00  2.300E-01  0.000E+00  0.000E+00    25   3.000E-02  5.460E+00   1.00      2.17  
12   4.000   5.000   0.700  3.690E+00  2.200E-01  0.000E+00  0.000E+00    25   3.000E-02  5.459E+00   1.00      2.20  
12   4.000   5.000   0.900  2.930E+00  2.200E-01  0.000E+00  0.000E+00    25   3.000E-02  5.462E+00   1.00      2.21  
12   4.000   5.000   1.100  1.680E+00  1.600E-01  0.000E+00  0.000E+00    25   3.000E-02  5.464E+00   1.00      2.19  
12   4.000   5.000   1.300  1.260E+00  1.400E-01  0.000E+00  0.000E+00    25   3.000E-02  5.465E+00   1.00      2.18  
12   5.000   6.000   0.100  1.630E+00  1.100E-01  0.000E+00  0.000E+00    25   3.000E-02  5.452E+00   1.00      1.53    
12   5.000   6.000   0.300  1.440E+00  8.000E-02  0.000E+00  0.000E+00    25   3.000E-02  5.455E+00   1.00      2.10  
12   5.000   6.000   0.500  1.190E+00  7.000E-02  0.000E+00  0.000E+00    25   3.000E-02  5.460E+00   1.00      2.23  
12   5.000   6.000   0.700  1.040E+00  7.000E-02  0.000E+00  0.000E+00    25   3.000E-02  5.459E+00   1.00      2.27  
12   5.000   6.000   0.900  6.010E-01  5.100E-02  0.000E+00  0.000E+00    25   3.000E-02  5.462E+00   1.00      2.28  
12   5.000   6.000   1.100  4.410E-01  4.300E-02  0.000E+00  0.000E+00    25   3.000E-02  5.464E+00   1.00      2.27  
12   5.000   6.000   1.300  2.480E-01  3.000E-02  0.000E+00  0.000E+00    25   3.000E-02  5.465E+00   1.00      2.26  
12   6.000   7.000   0.100  3.990E-01  4.300E-02  0.000E+00  0.000E+00    25   3.000E-02  6.461E+00   1.00      1.62  
12   6.000   7.000   0.300  3.420E-01  2.500E-02  0.000E+00  0.000E+00    25   3.000E-02  6.462E+00   1.00      2.17  
12   6.000   7.000   0.500  3.330E-01  2.200E-02  0.000E+00  0.000E+00    25   3.000E-02  6.463E+00   1.00      2.30  
12   6.000   7.000   0.700  2.550E-01  2.000E-02  0.000E+00  0.000E+00    25   3.000E-02  6.462E+00   1.00      2.34  
12   6.000   7.000   0.900  1.810E-01  1.700E-02  0.000E+00  0.000E+00    25   3.000E-02  6.464E+00   1.00      2.36  
12   6.000   7.000   1.100  1.300E-01  1.400E-02  0.000E+00  0.000E+00    25   3.000E-02  6.465E+00   1.00      2.36  
12   6.000   7.000   1.300  7.300E-02  1.100E-02  0.000E+00  0.000E+00    25   3.000E-02  6.467E+00   1.00      2.35  
12   7.000   8.000   0.100  9.450E-02  1.880E-02  0.000E+00  0.000E+00    25   3.000E-02  7.472E+00   1.00      1.71  
12   7.000   8.000   0.300  9.010E-02  1.110E-02  0.000E+00  0.000E+00    25   3.000E-02  7.464E+00   1.00      2.25  
12   7.000   8.000   0.500  7.020E-02  8.400E-03  0.000E+00  0.000E+00    25   3.000E-02  7.465E+00   1.00      2.37  
12   7.000   8.000   0.700  5.220E-02  6.900E-03  0.000E+00  0.000E+00    25   3.000E-02  7.465E+00   1.00      2.42  
12   7.000   8.000   0.900  4.110E-02  6.100E-03  0.000E+00  0.000E+00    25   3.000E-02  7.466E+00   1.00      2.44  
12   7.000   8.000   1.100  2.970E-02  5.400E-03  0.000E+00  0.000E+00    25   3.000E-02  7.466E+00   1.00      2.44  
12   7.000   8.000   1.300  1.640E-02  3.800E-03  0.000E+00  0.000E+00    25   3.000E-02  7.467E+00   1.00      2.43  
13   4.000   5.000   0.100  9.160E+00  4.200E-01  0.000E+00  0.000E+00    25   3.000E-02  5.452E+00         1.42  1.00  
13   4.000   5.000   0.300  7.650E+00  3.000E-01  0.000E+00  0.000E+00    25   3.000E-02  5.455E+00         2.02  1.00
13   4.000   5.000   0.500  6.610E+00  3.000E-01  0.000E+00  0.000E+00    25   3.000E-02  5.460E+00         2.14  1.00
13   4.000   5.000   0.700  5.580E+00  3.000E-01  0.000E+00  0.000E+00    25   3.000E-02  5.459E+00         2.18  1.00
13   4.000   5.000   0.900  3.910E+00  2.700E-01  0.000E+00  0.000E+00    25   3.000E-02  5.462E+00         2.18  1.00
13   4.000   5.000   1.100  2.730E+00  2.300E-01  0.000E+00  0.000E+00    25   3.000E-02  5.464E+00         2.17  1.00
13   4.000   5.000   1.300  1.850E+00  2.000E-01  0.000E+00  0.000E+00    25   3.000E-02  5.465E+00         2.15  1.00
13   5.000   6.000   0.100  2.570E+00  1.600E-01  0.000E+00  0.000E+00    25   3.000E-02  5.452E+00         1.49  1.00  
13   5.000   6.000   0.300  2.300E+00  1.000E-01  0.000E+00  0.000E+00    25   3.000E-02  5.455E+00         2.07  1.00
13   5.000   6.000   0.500  2.070E+00  1.000E-01  0.000E+00  0.000E+00    25   3.000E-02  5.460E+00         2.20  1.00
13   5.000   6.000   0.700  1.820E+00  1.100E-01  0.000E+00  0.000E+00    25   3.000E-02  5.459E+00         2.24  1.00
13   5.000   6.000   0.900  1.130E+00  8.000E-02  0.000E+00  0.000E+00    25   3.000E-02  5.462E+00         2.25  1.00
13   5.000   6.000   1.100  8.720E-01  7.300E-02  0.000E+00  0.000E+00    25   3.000E-02  5.464E+00         2.24  1.00
13   5.000   6.000   1.300  6.350E-01  6.100E-02  0.000E+00  0.000E+00    25   3.000E-02  5.465E+00         2.23  1.00
13   6.000   7.000   0.100  8.490E-01  7.000E-02  0.000E+00  0.000E+00    25   3.000E-02  6.461E+00         1.56  1.00
13   6.000   7.000   0.300  7.830E-01  4.300E-02  0.000E+00  0.000E+00    25   3.000E-02  6.462E+00         2.13  1.00
13   6.000   7.000   0.500  6.550E-01  3.500E-02  0.000E+00  0.000E+00    25   3.000E-02  6.463E+00         2.26  1.00
13   6.000   7.000   0.700  5.400E-01  3.300E-02  0.000E+00  0.000E+00    25   3.000E-02  6.462E+00         2.31  1.00
13   6.000   7.000   0.900  4.140E-01  3.000E-02  0.000E+00  0.000E+00    25   3.000E-02  6.464E+00         2.32  1.00
13   6.000   7.000   1.100  2.860E-01  2.400E-02  0.000E+00  0.000E+00    25   3.000E-02  6.465E+00         2.32  1.00
13   6.000   7.000   1.300  1.870E-01  1.900E-02  0.000E+00  0.000E+00    25   3.000E-02  6.467E+00         2.31  1.00
13   7.000   8.000   0.100  2.860E-01  3.900E-02  0.000E+00  0.000E+00    25   3.000E-02  7.472E+00         1.65  1.00
13   7.000   8.000   0.300  2.530E-01  2.200E-02  0.000E+00  0.000E+00    25   3.000E-02  7.464E+00         2.20  1.00
13   7.000   8.000   0.500  2.370E-01  1.900E-02  0.000E+00  0.000E+00    25   3.000E-02  7.465E+00         2.33  1.00
13   7.000   8.000   0.700  1.970E-01  1.600E-02  0.000E+00  0.000E+00    25   3.000E-02  7.465E+00         2.38  1.00
13   7.000   8.000   0.900  1.450E-01  1.400E-02  0.000E+00  0.000E+00    25   3.000E-02  7.466E+00         2.40  1.00
13   7.000   8.000   1.100  1.100E-01  1.200E-02  0.000E+00  0.000E+00    25   3.000E-02  7.466E+00         2.40  1.00
13   7.000   8.000   1.300  7.810E-02  9.800E-03  0.000E+00  0.000E+00    25   3.000E-02  7.467E+00         2.40  1.00
13  11.000  12.000   0.100  2.710E-03  2.720E-03  0.000E+00  0.000E+00    25   3.000E-02   6.461E+00         2.04  1.00                   
13  11.000  12.000   0.300  7.900E-04  7.900E-04  0.000E+00  0.000E+00    25   3.000E-02   6.462E+00         2.53  1.00                   
13  11.000  12.000   0.500  1.010E-03  7.200E-04  0.000E+00  0.000E+00    25   3.000E-02   6.463E+00         2.65  1.00                   
13  11.000  12.000   0.700  1.000E-03  5.800E-04  0.000E+00  0.000E+00    25   3.000E-02   6.462E+00         2.70  1.00                   
13  11.000  12.000   0.900  6.800E-04  4.800E-04  0.000E+00  0.000E+00    25   3.000E-02   6.464E+00         2.72  1.00                   
13  11.000  12.000   1.100  1.180E-03  6.000E-04  0.000E+00  0.000E+00    25   3.000E-02   6.465E+00         2.73  1.00                   
13  11.000  12.000   1.300  2.600E-04  2.600E-04  0.000E+00  0.000E+00    25   3.000E-02   6.467E+00         2.74  1.00                   
14   5.000   6.000   0.100  2.880E+00  1.200E-01  0.000E+00  0.000E+00  25.00  3.000E-02  5.461E+00   1.00  1.00  
14   5.000   6.000   0.300  2.760E+00  8.000E-02  0.000E+00  0.000E+00  25.00  3.000E-02  5.461E+00   1.00  1.00
14   5.000   6.000   0.500  2.300E+00  7.000E-02  0.000E+00  0.000E+00  25.00  3.000E-02  5.462E+00   1.00  1.00
14   5.000   6.000   0.700  2.080E+00  7.000E-02  0.000E+00  0.000E+00  25.00  3.000E-02  5.462E+00   1.00  1.00
14   5.000   6.000   0.900  1.480E+00  6.000E-02  0.000E+00  0.000E+00  25.00  3.000E-02  5.463E+00   1.00  1.00
14   5.000   6.000   1.100  1.180E+00  6.000E-02  0.000E+00  0.000E+00  25.00  3.000E-02  5.463E+00   1.00  1.00
14   5.000   6.000   1.300  8.170E-01  4.800E-02  0.000E+00  0.000E+00  25.00  3.000E-02  5.464E+00   1.00  1.00
14   6.000   7.000   0.100  1.040E+00  3.000E-02  0.000E+00  0.000E+00  25.00  3.000E-02  6.464E+00   1.00  1.00
14   6.000   7.000   0.300  9.660E-01  1.800E-02  0.000E+00  0.000E+00  25.00  3.000E-02  6.464E+00   1.00  1.00
14   6.000   7.000   0.500  8.940E-01  1.600E-02  0.000E+00  0.000E+00  25.00  3.000E-02  6.464E+00   1.00  1.00
14   6.000   7.000   0.700  7.070E-01  1.400E-02  0.000E+00  0.000E+00  25.00  3.000E-02  6.464E+00   1.00  1.00
14   6.000   7.000   0.900  5.940E-01  1.400E-02  0.000E+00  0.000E+00  25.00  3.000E-02  6.465E+00   1.00  1.00
14   6.000   7.000   1.100  4.400E-01  1.200E-02  0.000E+00  0.000E+00  25.00  3.000E-02  6.465E+00   1.00  1.00
14   6.000   7.000   1.300  3.300E-01  1.100E-02  0.000E+00  0.000E+00  25.00  3.000E-02  6.466E+00   1.00  1.00
14   7.000   8.000   0.100  3.820E-01  1.600E-02  0.000E+00  0.000E+00  25.00  3.000E-02  7.465E+00   1.00  1.00
14   7.000   8.000   0.300  3.540E-01  9.000E-03  0.000E+00  0.000E+00  25.00  3.000E-02  7.465E+00   1.00  1.00
14   7.000   8.000   0.500  3.280E-01  8.000E-03  0.000E+00  0.000E+00  25.00  3.000E-02  7.465E+00   1.00  1.00
14   7.000   8.000   0.700  2.800E-01  7.000E-03  0.000E+00  0.000E+00  25.00  3.000E-02  7.466E+00   1.00  1.00
14   7.000   8.000   0.900  2.210E-01  7.000E-03  0.000E+00  0.000E+00  25.00  3.000E-02  7.466E+00   1.00  1.00
14   7.000   8.000   1.100  1.700E-01  6.000E-03  0.000E+00  0.000E+00  25.00  3.000E-02  7.466E+00   1.00  1.00
14   7.000   8.000   1.300  1.250E-01  5.000E-03  0.000E+00  0.000E+00  25.00  3.000E-02  7.467E+00   1.00  1.00
14  11.000  12.000   0.100  9.930E-03  2.140E-03  0.000E+00  0.000E+00  25.00  3.000E-02  1.146E+01   1.00  1.00
14  11.000  12.000   0.300  6.990E-03  9.700E-04  0.000E+00  0.000E+00  25.00  3.000E-02  1.146E+01   1.00  1.00
14  11.000  12.000   0.500  7.530E-03  8.600E-04  0.000E+00  0.000E+00  25.00  3.000E-02  1.146E+01   1.00  1.00
14  11.000  12.000   0.700  5.090E-03  6.000E-04  0.000E+00  0.000E+00  25.00  3.000E-02  1.146E+01   1.00  1.00
14  11.000  12.000   0.900  3.770E-03  4.700E-04  0.000E+00  0.000E+00  25.00  3.000E-02  1.147E+01   1.00  1.00
14  11.000  12.000   1.100  3.340E-03  4.300E-04  0.000E+00  0.000E+00  25.00  3.000E-02  1.147E+01   1.00  1.00
14  11.000  12.000   1.300  2.890E-03  4.000E-04  0.000E+00  0.000E+00  25.00  3.000E-02  1.147E+01   1.00  1.00
14  12.000  13.000   0.100  2.250E-03  8.500E-04  0.000E+00  0.000E+00  25.00  3.000E-02  1.246E+01   1.00  1.00
14  12.000  13.000   0.300  2.590E-03  5.400E-04  0.000E+00  0.000E+00  25.00  3.000E-02  1.246E+01   1.00  1.00
14  12.000  13.000   0.500  1.570E-03  3.500E-04  0.000E+00  0.000E+00  25.00  3.000E-02  1.246E+01   1.00  1.00
14  12.000  13.000   0.700  2.070E-03  3.400E-04  0.000E+00  0.000E+00  25.00  3.000E-02  1.246E+01   1.00  1.00
14  12.000  13.000   0.900  1.540E-03  2.700E-04  0.000E+00  0.000E+00  25.00  3.000E-02  1.246E+01   1.00  1.00
14  12.000  13.000   1.100  1.290E-03  2.400E-04  0.000E+00  0.000E+00  25.00  3.000E-02  1.246E+01   1.00  1.00
14  12.000  13.000   1.300  9.700E-04  2.000E-04  0.000E+00  0.000E+00  25.00  3.000E-02  1.246E+01   1.00  1.00
14  13.000  14.000   0.100  8.700E-04  5.100E-04  0.000E+00  0.000E+00  25.00  3.000E-02  1.346E+01   1.00  1.00
14  13.000  14.000   0.300  5.700E-04  2.300E-04  0.000E+00  0.000E+00  25.00  3.000E-02  1.346E+01   1.00  1.00
14  13.000  14.000   0.500  6.200E-04  2.000E-04  0.000E+00  0.000E+00  25.00  3.000E-02  1.346E+01   1.00  1.00
14  13.000  14.000   0.700  8.500E-04  2.100E-04  0.000E+00  0.000E+00  25.00  3.000E-02  1.346E+01   1.00  1.00
14  13.000  14.000   0.900  3.800E-04  1.300E-04  0.000E+00  0.000E+00  25.00  3.000E-02  1.346E+01   1.00  1.00
14  13.000  14.000   1.100  3.500E-04  1.100E-04  0.000E+00  0.000E+00  25.00  3.000E-02  1.346E+01   1.00  1.00
14  13.000  14.000   1.300  2.900E-04  1.000E-04  0.000E+00  0.000E+00  25.00  3.000E-02  1.346E+01   1.00  1.00
16   7.000   8.000   0.100  7.850E-01  1.150E-01  3.925E-02  3.925E-02	15   2.567E-01  7.473E+00     1.33   1.00 
16   7.000   8.000   0.300  9.730E-01  8.610E-02  4.865E-02  4.865E-02	15   2.566E-01  7.471E+00     1.94   1.00
16   7.000   8.000   0.500  8.250E-01  6.160E-02  4.125E-02  4.125E-02	15   2.563E-01  7.471E+00     2.10   1.00
16   7.000   8.000   0.700  8.050E-01  5.700E-02  4.025E-02  4.025E-02	15   2.556E-01  7.475E+00     2.17   1.00
16   7.000   8.000   0.900  5.690E-01  4.220E-02  2.845E-02  2.845E-02	15   2.550E-01  7.473E+00     2.19   1.00
16   7.000   8.000   1.100  5.370E-01  4.470E-02  2.685E-02  2.685E-02	15   2.541E-01  7.473E+00     2.20   1.00
16   7.000   8.000   1.300  3.880E-01  3.900E-02  1.940E-02  1.940E-02	15   2.530E-01  7.474E+00     2.20   1.00
16   8.000   9.000   0.100  3.330E-01  2.460E-02  1.665E-02  1.665E-02	15   2.271E-01  8.471E+00     1.38   1.00
16   8.000   9.000   0.300  4.390E-01  2.010E-02  2.195E-02  2.195E-02	15   2.269E-01  8.472E+00     1.98   1.00
16   8.000   9.000   0.500  3.680E-01  1.390E-02  1.840E-02  1.840E-02	15   2.266E-01  8.474E+00     2.14   1.00
16   8.000   9.000   0.700  3.700E-01  1.360E-02  1.850E-02  1.850E-02	15   2.262E-01  8.473E+00     2.20   1.00
16   8.000   9.000   0.900  2.590E-01  9.880E-03  1.295E-02  1.295E-02	15   2.257E-01  8.474E+00     2.23   1.00
16   8.000   9.000   1.100  2.240E-01  9.330E-03  1.120E-02  1.120E-02	15   2.251E-01  8.474E+00     2.24   1.00
16   8.000   9.000   1.300  1.800E-01  8.950E-03  9.000E-03  9.000E-03	15   2.244E-01  8.475E+00     2.24   1.00
16  10.500  11.500   0.100  7.010E-02  8.400E-03  3.505E-03  3.505E-03	15   1.759E-01  1.097E+01     1.46   1.00
16  10.500  11.500   0.300  7.840E-02  5.540E-03  3.920E-03  3.920E-03	15   1.758E-01  1.097E+01     2.04   1.00
16  10.500  11.500   0.500  7.120E-02  4.120E-03  3.560E-03  3.560E-03	15   1.757E-01  1.098E+01     2.19   1.00
16  10.500  11.500   0.700  6.240E-02  3.310E-03  3.120E-03  3.120E-03	15   1.755E-01  1.098E+01     2.26   1.00
16  10.500  11.500   0.900  5.030E-02  2.650E-03  2.515E-03  2.515E-03	15   1.753E-01  1.098E+01     2.29   1.00
16  10.500  11.500   1.100  3.900E-02  2.070E-03  1.950E-03  1.950E-03	15   1.750E-01  1.098E+01     2.30   1.00
16  10.500  11.500   1.300  3.120E-02  1.760E-03  1.560E-03  1.560E-03	15   1.746E-01  1.098E+01     2.20   1.00
16  11.500  13.500   0.100  5.080E-02  6.420E-03  2.540E-03  2.540E-03	15   1.559E-01  1.240E+01     1.56   1.00
16  11.500  13.500   0.300  6.790E-02  4.790E-03  3.395E-03  3.395E-03	15   1.533E-01  1.260E+01     2.12   1.00
16  11.500  13.500   0.500  6.460E-02  3.870E-03  3.230E-03  3.230E-03	15   1.557E-01  1.240E+01     2.27   1.00
16  11.500  13.500   0.700  4.920E-02  2.630E-03  2.460E-03  2.460E-03	15   1.555E-01  1.240E+01     2.33   1.00
16  11.500  13.500   0.900  4.170E-02  2.190E-03  2.085E-03  2.085E-03	15   1.554E-01  1.240E+01     2.36   1.00
16  11.500  13.500   1.100  3.230E-02  1.760E-03  1.615E-03  1.615E-03	15   1.551E-01  1.241E+01     2.38   1.00
16  11.500  13.500   1.300  2.470E-02  1.460E-03  1.235E-03  1.235E-03	15   1.549E-01  1.241E+01     2.38   1.00
16  13.500  18.000   0.100  2.400E-02  5.460E-03  1.200E-03  1.200E-03	15   1.267E-01  1.527E+01     1.68   1.00
16  13.500  18.000   0.300  2.060E-02  2.900E-03  1.030E-03  1.030E-03	15   1.267E-01  1.527E+01     2.23   1.00
16  13.500  18.000   0.500  1.880E-02  2.130E-03  9.400E-04  9.400E-04	15   1.266E-01  1.527E+01     2.38   1.00
16  13.500  18.000   0.700  1.710E-02  1.720E-03  8.550E-04  8.550E-04	15   1.265E-01  1.527E+01     2.44   1.00
16  13.500  18.000   0.900  9.730E-03  1.160E-03  4.865E-04  4.865E-04	15   1.264E-01  1.528E+01     2.47   1.00
16  13.500  18.000   1.100  1.070E-02  1.090E-03  5.350E-04  5.350E-04	15   1.263E-01  1.528E+01     2.49   1.00
16  13.500  18.000   1.300  7.910E-03  8.790E-04  3.955E-04  3.955E-04	15   1.261E-01  1.528E+01     2.50   1.00
17   5.000   8.000   0.200  1.050E+02  1.300E+01  0.000E+00  0.000E+00  10.00  1.459E+00  6.220E+00   2.12  1.00  
17   5.000   8.000   0.600  9.380E+01  9.800E+00  0.000E+00  0.000E+00  10.00  1.459E+00  6.224E+00   2.44  1.00
17   5.000   8.000   1.000  5.700E+01  5.000E+00  0.000E+00  0.000E+00  10.00  1.454E+00  6.233E+00   2.48  1.00
17   5.000   8.000   1.400  3.620E+01  3.500E+00  0.000E+00  0.000E+00  10.00  1.444E+00  6.245E+00   2.48  1.00
17   5.000   8.000   1.800  2.350E+01  2.800E+00  0.000E+00  0.000E+00  10.00  1.432E+00  6.255E+00   2.47  1.00
17   8.000  11.000   0.200  1.100E+01  3.000E+00  0.000E+00  0.000E+00  10.00  1.250E+00  9.282E+00   2.37  1.00
17   8.000  11.000   0.600  1.220E+01  2.000E+00  0.000E+00  0.000E+00  10.00  1.248E+00  9.285E+00   2.65  1.00
17   8.000  11.000   1.000  8.400E+00  1.200E+00  0.000E+00  0.000E+00  10.00  1.243E+00  9.291E+00   2.69  1.00
17   8.000  11.000   1.400  4.950E+00  6.500E-01  0.000E+00  0.000E+00  10.00  1.235E+00  9.297E+00   2.70  1.00
17   8.000  11.000   1.800  3.000E+00  6.000E-01  0.000E+00  0.000E+00  10.00  1.225E+00  9.303E+00   2.70  1.00
