# New data format
E288400 14
beam = pCu
ecm = 27.4
# QMin QMax ymin ymax pT data uncorr_error yk efficiency corr_1 corr_2 etc.
 5.000   6.000  0.03  0.03  0.100  2.880E+00  1.200E-01  -0.62  1.00  25.00  13.5 0.00 0.00 0.00 0.00 0.00
 5.000   6.000  0.03  0.03  0.300  2.760E+00  8.000E-02   0.96  1.00  25.00  13.5 0.00 0.00 0.00 0.00 0.00
 5.000   6.000  0.03  0.03  0.500  2.300E+00  7.000E-02   1.33  1.00  25.00  13.5 0.00 0.00 0.00 0.00 0.00
 5.000   6.000  0.03  0.03  0.700  2.080E+00  7.000E-02   1.50  1.00  25.00  13.5 0.00 0.00 0.00 0.00 0.00
 5.000   6.000  0.03  0.03  0.900  1.480E+00  6.000E-02   1.58  1.00  25.00  13.5 0.00 0.00 0.00 0.00 0.00
 5.000   6.000  0.03  0.03  1.100  1.180E+00  6.000E-02   1.63  1.00  25.00  13.5 0.00 0.00 0.00 0.00 0.00
 5.000   6.000  0.03  0.03  1.300  8.170E-01  4.800E-02   1.65  1.00  25.00  13.5 0.00 0.00 0.00 0.00 0.00
 6.000   7.000  0.03  0.03  0.100  1.040E+00  3.000E-02  -0.54  1.00  25.00  0.00 17.0 0.00 0.00 0.00 0.00
 6.000   7.000  0.03  0.03  0.300  9.660E-01  1.800E-02   0.99  1.00  25.00  0.00 17.0 0.00 0.00 0.00 0.00
 6.000   7.000  0.03  0.03  0.500  8.940E-01  1.600E-02   1.36  1.00  25.00  0.00 17.0 0.00 0.00 0.00 0.00
 6.000   7.000  0.03  0.03  0.700  7.070E-01  1.400E-02   1.53  1.00  25.00  0.00 17.0 0.00 0.00 0.00 0.00
 6.000   7.000  0.03  0.03  0.900  5.940E-01  1.400E-02   1.61  1.00  25.00  0.00 17.0 0.00 0.00 0.00 0.00
 6.000   7.000  0.03  0.03  1.100  4.400E-01  1.200E-02   1.66  1.00  25.00  0.00 17.0 0.00 0.00 0.00 0.00
 6.000   7.000  0.03  0.03  1.300  3.300E-01  1.100E-02   1.68  1.00  25.00  0.00 17.0 0.00 0.00 0.00 0.00
 7.000   8.000  0.03  0.03  0.100  3.820E-01  1.600E-02  -0.44  1.00  25.00  0.00 0.00 20.0 0.00 0.00 0.00
 7.000   8.000  0.03  0.03  0.300  3.540E-01  9.000E-03   1.04  1.00  25.00  0.00 0.00 20.0 0.00 0.00 0.00
 7.000   8.000  0.03  0.03  0.500  3.280E-01  8.000E-03   1.40  1.00  25.00  0.00 0.00 20.0 0.00 0.00 0.00
 7.000   8.000  0.03  0.03  0.700  2.800E-01  7.000E-03   1.56  1.00  25.00  0.00 0.00 20.0 0.00 0.00 0.00
 7.000   8.000  0.03  0.03  0.900  2.210E-01  7.000E-03   1.64  1.00  25.00  0.00 0.00 20.0 0.00 0.00 0.00
 7.000   8.000  0.03  0.03  1.100  1.700E-01  6.000E-03   1.69  1.00  25.00  0.00 0.00 20.0 0.00 0.00 0.00
 7.000   8.000  0.03  0.03  1.300  1.250E-01  5.000E-03   1.72  1.00  25.00  0.00 0.00 20.0 0.00 0.00 0.00
11.000  12.000  0.03  0.03  0.100  9.930E-03  2.140E-03   0.09  1.00  25.00  0.00 0.00 0.00 25.0 0.00 0.00
11.000  12.000  0.03  0.03  0.300  6.990E-03  9.700E-04   1.31  1.00  25.00  0.00 0.00 0.00 25.0 0.00 0.00
11.000  12.000  0.03  0.03  0.500  7.530E-03  8.600E-04   1.61  1.00  25.00  0.00 0.00 0.00 25.0 0.00 0.00
11.000  12.000  0.03  0.03  0.700  5.090E-03  6.000E-04   1.76  1.00  25.00  0.00 0.00 0.00 25.0 0.00 0.00
11.000  12.000  0.03  0.03  0.900  3.770E-03  4.700E-04   1.83  1.00  25.00  0.00 0.00 0.00 25.0 0.00 0.00
11.000  12.000  0.03  0.03  1.100  3.340E-03  4.300E-04   1.87  1.00  25.00  0.00 0.00 0.00 25.0 0.00 0.00
11.000  12.000  0.03  0.03  1.300  2.890E-03  4.000E-04   1.89  1.00  25.00  0.00 0.00 0.00 25.0 0.00 0.00
12.000  13.000  0.03  0.03  0.100  2.250E-03  8.500E-04   0.24  1.00  25.00  0.00 0.00 0.00 0.00 25.0 0.00
12.000  13.000  0.03  0.03  0.300  2.590E-03  5.400E-04   1.40  1.00  25.00  0.00 0.00 0.00 0.00 25.0 0.00
12.000  13.000  0.03  0.03  0.500  1.570E-03  3.500E-04   1.69  1.00  25.00  0.00 0.00 0.00 0.00 25.0 0.00
12.000  13.000  0.03  0.03  0.700  2.070E-03  3.400E-04   1.82  1.00  25.00  0.00 0.00 0.00 0.00 25.0 0.00
12.000  13.000  0.03  0.03  0.900  1.540E-03  2.700E-04   1.89  1.00  25.00  0.00 0.00 0.00 0.00 25.0 0.00
12.000  13.000  0.03  0.03  1.100  1.290E-03  2.400E-04   1.93  1.00  25.00  0.00 0.00 0.00 0.00 25.0 0.00
12.000  13.000  0.03  0.03  1.300  9.700E-04  2.000E-04   1.95  1.00  25.00  0.00 0.00 0.00 0.00 25.0 0.00
13.000  14.000  0.03  0.03  0.100  8.700E-04  5.100E-04   0.44  1.00  25.00  0.00 0.00 0.00 0.00 0.00 30.0
13.000  14.000  0.03  0.03  0.300  5.700E-04  2.300E-04   1.50  1.00  25.00  0.00 0.00 0.00 0.00 0.00 30.0
13.000  14.000  0.03  0.03  0.500  6.200E-04  2.000E-04   1.77  1.00  25.00  0.00 0.00 0.00 0.00 0.00 30.0
13.000  14.000  0.03  0.03  0.700  8.500E-04  2.100E-04   1.90  1.00  25.00  0.00 0.00 0.00 0.00 0.00 30.0
13.000  14.000  0.03  0.03  0.900  3.800E-04  1.300E-04   1.97  1.00  25.00  0.00 0.00 0.00 0.00 0.00 30.0
13.000  14.000  0.03  0.03  1.100  3.500E-04  1.100E-04   2.00  1.00  25.00  0.00 0.00 0.00 0.00 0.00 30.0
13.000  14.000  0.03  0.03  1.300  2.900E-04  1.000E-04   2.02  1.00  25.00  0.00 0.00 0.00 0.00 0.00 30.0
