1  91.187  91.187   1.000  786.0   3.60  0.000E+00  0.000E+00   0.36  3.2 2.754E+00  9.119E+01   1.00  1.00347
1  91.187  91.187   3.000  1626.7  5.894  0.000E+00  0.000E+00   0.35 3.2  2.713E+00  9.119E+01   1.00  1.00144
1  91.187  91.187   5.000  1616.9  4.627  0.000E+00  0.000E+00   0.36 3.2  2.668E+00  9.119E+01   1.00  1.00144
1  91.187  91.187   7.000  1369.6  3.89  0.000E+00  0.000E+00   0.36  3.2 2.668E+00  9.119E+01   1.00  0.999992
1  91.187  91.187   9.000  1135.3  3.72  0.000E+00  0.000E+00   0.36  3.2 2.668E+00  9.119E+01   1.00  0.996652
1  91.187  91.187  11.000  941.46  3.267  0.000E+00  0.000E+00   0.36 3.2  2.668E+00  9.119E+01   1.00  0.995545
1  91.187  91.187  13.000  784.09  2.827  0.000E+00  0.000E+00   0.36 3.2  2.668E+00  9.119E+01   1.00  0.993192
1  91.187  91.187  15.000  661.53  2.480  0.000E+00  0.000E+00   0.36 3.2  2.668E+00  9.119E+01   1.00  0.991574
1  91.187  91.187  17.000  560.42  2.262  0.000E+00  0.000E+00   0.36 3.2  2.668E+00  9.119E+01   1.00  0.990466
1  91.187  91.187  20.000  444.27  1.571  0.000E+00  0.000E+00   0.36 3.2  2.668E+00  9.119E+01   1.00  0.988822

