0  91.187  91.187   1.000  2.822E-02  1.293E-04  0.000E+00  0.000E+00   0.36  2.754E+00  9.119E+01   1.00  1.00347
0  91.187  91.187   3.000  5.840E-02  2.116E-04  0.000E+00  0.000E+00   0.35  2.713E+00  9.119E+01   1.00  1.00144
0  91.187  91.187   5.000  5.805E-02  1.661E-04  0.000E+00  0.000E+00   0.36  2.668E+00  9.119E+01   1.00  1.00144
0  91.187  91.187   7.000  4.917E-02  1.398E-04  0.000E+00  0.000E+00   0.36  2.668E+00  9.119E+01   1.00  0.999992
0  91.187  91.187   9.000  4.076E-02  1.337E-04  0.000E+00  0.000E+00   0.36  2.668E+00  9.119E+01   1.00  0.996652
0  91.187  91.187  11.000  3.380E-02  1.173E-04  0.000E+00  0.000E+00   0.36  2.668E+00  9.119E+01   1.00  0.995545
0  91.187  91.187  13.000  2.815E-02  1.015E-04  0.000E+00  0.000E+00   0.36  2.668E+00  9.119E+01   1.00  0.993192
0  91.187  91.187  15.000  2.375E-02  8.902E-05  0.000E+00  0.000E+00   0.36  2.668E+00  9.119E+01   1.00  0.991574
0  91.187  91.187  17.000  2.012E-02  8.121E-05  0.000E+00  0.000E+00   0.36  2.668E+00  9.119E+01   1.00  0.990466
0  91.187  91.187  20.000  1.595E-02  5.639E-05  0.000E+00  0.000E+00   0.36  2.668E+00  9.119E+01   1.00  0.988822
