5  91.187  91.187   0.250  1.073E+02  5.098E+00  0.000E+00  0.000E+00   4.00  2.049E+00  9.119E+01   1.00  1.00  
5  91.187  91.187   0.750  2.995E+02  8.554E+00  0.000E+00  0.000E+00   4.00  2.046E+00  9.119E+01   1.00  1.00
5  91.187  91.187   1.250  4.608E+02  1.077E+01  0.000E+00  0.000E+00   4.00  2.042E+00  9.119E+01   1.00  1.00
5  91.187  91.187   1.750  5.784E+02  1.236E+01  0.000E+00  0.000E+00   4.00  2.036E+00  9.119E+01   1.00  1.00
5  91.187  91.187   2.250  6.411E+02  1.316E+01  0.000E+00  0.000E+00   4.00  2.030E+00  9.119E+01   1.00  1.00
5  91.187  91.187   2.750  6.818E+02  1.371E+01  0.000E+00  0.000E+00   4.00  2.024E+00  9.119E+01   1.00  1.00
5  91.187  91.187   3.250  6.708E+02  1.330E+01  0.000E+00  0.000E+00   4.00  2.018E+00  9.119E+01   1.00  1.00
5  91.187  91.187   3.750  6.640E+02  1.330E+01  0.000E+00  0.000E+00   4.00  2.012E+00  9.119E+01   1.00  1.00
5  91.187  91.187   4.250  6.123E+02  1.264E+01  0.000E+00  0.000E+00   4.00  2.007E+00  9.119E+01   1.00  1.00
5  91.187  91.187   4.750  5.903E+02  1.223E+01  0.000E+00  0.000E+00   4.00  2.002E+00  9.119E+01   1.00  1.00
5  91.187  91.187   5.250  5.573E+02  1.183E+01  0.000E+00  0.000E+00   4.00  1.997E+00  9.119E+01   1.00  1.00
5  91.187  91.187   5.750  5.137E+02  1.129E+01  0.000E+00  0.000E+00   4.00  1.993E+00  9.119E+01   1.00  1.00
5  91.187  91.187   6.250  4.643E+02  1.063E+01  0.000E+00  0.000E+00   4.00  1.988E+00  9.119E+01   1.00  1.00
5  91.187  91.187   6.750  4.361E+02  1.023E+01  0.000E+00  0.000E+00   4.00  1.984E+00  9.119E+01   1.00  1.00
5  91.187  91.187   7.250  4.082E+02  9.835E+00  0.000E+00  0.000E+00   4.00  1.980E+00  9.119E+01   1.00  1.00
5  91.187  91.187   7.750  3.883E+02  9.713E+00  0.000E+00  0.000E+00   4.00  1.977E+00  9.119E+01   1.00  1.00
5  91.187  91.187   8.250  3.515E+02  9.050E+00  0.000E+00  0.000E+00   4.00  1.973E+00  9.119E+01   1.00  1.00
5  91.187  91.187   8.750  3.304E+02  8.662E+00  0.000E+00  0.000E+00   4.00  1.970E+00  9.119E+01   1.00  1.00
5  91.187  91.187   9.250  3.069E+02  8.387E+00  0.000E+00  0.000E+00   4.00  1.966E+00  9.119E+01   1.00  1.00
5  91.187  91.187   9.750  3.042E+02  8.662E+00  0.000E+00  0.000E+00   4.00  1.963E+00  9.119E+01   1.00  1.00
5  91.187  91.187  10.250  2.687E+02  7.768E+00  0.000E+00  0.000E+00   4.00  1.960E+00  9.119E+01   1.00  1.00
5  91.187  91.187  10.750  2.464E+02  7.302E+00  0.000E+00  0.000E+00   4.00  1.956E+00  9.119E+01   1.00  1.00
5  91.187  91.187  11.250  2.471E+02  7.536E+00  0.000E+00  0.000E+00   4.00  1.953E+00  9.119E+01   1.00  1.00
5  91.187  91.187  11.750  2.311E+02  7.197E+00  0.000E+00  0.000E+00   4.00  1.951E+00  9.119E+01   1.00  1.00
5  91.187  91.187  12.250  2.218E+02  7.112E+00  0.000E+00  0.000E+00   4.00  1.948E+00  9.119E+01   1.00  1.00
5  91.187  91.187  12.750  2.032E+02  6.708E+00  0.000E+00  0.000E+00   4.00  1.945E+00  9.119E+01   1.00  1.00
5  91.187  91.187  13.250  1.905E+02  6.474E+00  0.000E+00  0.000E+00   4.00  1.942E+00  9.119E+01   1.00  1.00
5  91.187  91.187  13.750  1.848E+02  6.465E+00  0.000E+00  0.000E+00   4.00  1.939E+00  9.119E+01   1.00  1.00
5  91.187  91.187  14.250  1.750E+02  6.317E+00  0.000E+00  3.925E-02   4.00  1.936E+00  9.119E+01   1.00  1.00
5  91.187  91.187  14.750  1.593E+02  5.876E+00  0.000E+00  4.865E-02   4.00  1.933E+00  9.119E+01   1.00  1.00
5  91.187  91.187  15.250  1.541E+02  5.860E+00  0.000E+00  4.125E-02   4.00  1.930E+00  9.119E+01   1.00  1.00
5  91.187  91.187  15.750  1.424E+02  5.571E+00  0.000E+00  4.025E-02   4.00  1.928E+00  9.119E+01   1.00  1.00
5  91.187  91.187  16.250  1.316E+02  5.282E+00  0.000E+00  2.845E-02   4.00  1.925E+00  9.119E+01   1.00  1.00
5  91.187  91.187  16.750  1.233E+02  5.058E+00  0.000E+00  2.685E-02   4.00  1.923E+00  9.119E+01   1.00  1.00
5  91.187  91.187  17.250  1.291E+02  5.476E+00  0.000E+00  1.940E-02   4.00  1.920E+00  9.119E+01   1.00  1.00
5  91.187  91.187  17.750  1.168E+02  5.073E+00  0.000E+00  1.665E-02   4.00  1.918E+00  9.119E+01   1.00  1.00
5  91.187  91.187  18.250  1.116E+02  4.972E+00  0.000E+00  2.195E-02   4.00  1.915E+00  9.119E+01   1.00  1.00
5  91.187  91.187  18.750  1.115E+02  5.088E+00  0.000E+00  1.840E-02   4.00  1.913E+00  9.119E+01   1.00  1.00
5  91.187  91.187  19.250  1.065E+02  4.959E+00  0.000E+00  1.850E-02   4.00  1.910E+00  9.119E+01   1.00  1.00
5  91.187  91.187  19.750  9.813E+01  4.685E+00  0.000E+00  1.295E-02   4.00  1.908E+00  9.119E+01   1.00  1.00
5  91.187  91.187  20.250  8.770E+01  4.312E+00  0.000E+00  1.120E-02   4.00  1.906E+00  9.119E+01   1.00  1.00
