4  91.187  91.187   0.250  9.950E+01  1.600E+01  0.000E+00  0.000E+00   4.00  1.993E+00  9.119E+01   1.00  1.00   
4  91.187  91.187   0.750  3.000E+02  3.000E+01  0.000E+00  0.000E+00   4.00  1.990E+00  9.119E+01   1.00  1.00 
4  91.187  91.187   1.250  4.400E+02  3.600E+01  0.000E+00  0.000E+00   4.00  1.986E+00  9.119E+01   1.00  1.00
4  91.187  91.187   1.750  5.760E+02  4.200E+01  0.000E+00  0.000E+00   4.00  1.980E+00  9.119E+01   1.00  1.00
4  91.187  91.187   2.250  6.000E+02  4.200E+01  0.000E+00  0.000E+00   4.00  1.974E+00  9.119E+01   1.00  1.00
4  91.187  91.187   2.750  7.010E+02  4.500E+01  0.000E+00  0.000E+00   4.00  1.968E+00  9.119E+01   1.00  1.00
4  91.187  91.187   3.250  7.010E+02  4.200E+01  0.000E+00  0.000E+00   4.00  1.962E+00  9.119E+01   1.00  1.00
4  91.187  91.187   3.750  6.830E+02  4.200E+01  0.000E+00  0.000E+00   4.00  1.957E+00  9.119E+01   1.00  1.00
4  91.187  91.187   4.250  5.910E+02  3.900E+01  0.000E+00  0.000E+00   4.00  1.951E+00  9.119E+01   1.00  1.00
4  91.187  91.187   4.750  5.730E+02  3.600E+01  0.000E+00  0.000E+00   4.00  1.946E+00  9.119E+01   1.00  1.00
4  91.187  91.187   5.250  5.320E+02  3.600E+01  0.000E+00  0.000E+00   4.00  1.941E+00  9.119E+01   1.00  1.00
4  91.187  91.187   5.750  5.350E+02  3.600E+01  0.000E+00  0.000E+00   4.00  1.936E+00  9.119E+01   1.00  1.00
4  91.187  91.187   6.250  4.340E+02  3.000E+01  0.000E+00  0.000E+00   4.00  1.932E+00  9.119E+01   1.00  1.00
4  91.187  91.187   6.750  4.310E+02  3.000E+01  0.000E+00  0.000E+00   4.00  1.928E+00  9.119E+01   1.00  1.00
4  91.187  91.187   7.250  4.010E+02  3.000E+01  0.000E+00  0.000E+00   4.00  1.924E+00  9.119E+01   1.00  1.00
4  91.187  91.187   7.750  4.070E+02  3.000E+01  0.000E+00  0.000E+00   4.00  1.920E+00  9.119E+01   1.00  1.00
4  91.187  91.187   8.250  3.540E+02  2.700E+01  0.000E+00  0.000E+00   4.00  1.916E+00  9.119E+01   1.00  1.00
4  91.187  91.187   8.750  3.090E+02  2.700E+01  0.000E+00  0.000E+00   4.00  1.912E+00  9.119E+01   1.00  1.00
4  91.187  91.187   9.250  3.300E+02  2.700E+01  0.000E+00  0.000E+00   4.00  1.908E+00  9.119E+01   1.00  1.00
4  91.187  91.187   9.750  2.840E+02  2.400E+01  0.000E+00  0.000E+00   4.00  1.905E+00  9.119E+01   1.00  1.00
4  91.187  91.187  10.250  2.481E+02  2.258E+01  0.000E+00  0.000E+00   4.00  1.902E+00  9.119E+01   1.00  1.00
4  91.187  91.187  10.750  2.323E+02  2.198E+01  0.000E+00  0.000E+00   4.00  1.899E+00  9.119E+01   1.00  1.00
4  91.187  91.187  11.250  2.430E+02  2.258E+01  0.000E+00  0.000E+00   4.00  1.895E+00  9.119E+01   1.00  1.00
4  91.187  91.187  11.750  2.222E+02  2.139E+01  0.000E+00  0.000E+00   4.00  1.892E+00  9.119E+01   1.00  1.00
4  91.187  91.187  12.500  2.142E+02  1.575E+01  0.000E+00  0.000E+00   4.00  1.888E+00  9.119E+01   1.00  1.00
4  91.187  91.187  13.500  1.797E+02  1.396E+01  0.000E+00  0.000E+00   4.00  1.882E+00  9.119E+01   1.00  1.00
4  91.187  91.187  14.500  1.405E+02  1.218E+01  0.000E+00  0.000E+00   4.00  1.876E+00  9.119E+01   1.00  1.00
4  91.187  91.187  15.500  1.548E+02  1.307E+01  0.000E+00  0.000E+00   4.00  1.870E+00  9.119E+01   1.00  1.00
4  91.187  91.187  16.500  1.325E+02  1.188E+01  0.000E+00  3.925E-02   4.00  1.865E+00  9.119E+01   1.00  1.00
4  91.187  91.187  17.500  1.272E+02  1.159E+01  0.000E+00  4.865E-02   4.00  1.860E+00  9.119E+01   1.00  1.00
4  91.187  91.187  18.500  1.043E+02  1.040E+01  0.000E+00  4.125E-02   4.00  1.854E+00  9.119E+01   1.00  1.00
4  91.187  91.187  19.500  8.942E+01  9.804E+00  0.000E+00  4.025E-02   4.00  1.849E+00  9.119E+01   1.00  1.00
