10  91.187  91.187   0.500  1.790E+02  1.600E+01  0.000E+00  0.000E+00   4.00  1.992E+00  9.119E+01   1.00  1.00  
10  91.187  91.187   1.500  4.810E+02  2.900E+01  0.000E+00  0.000E+00   4.00  1.983E+00  9.119E+01   1.00  1.00
10  91.187  91.187   2.500  6.060E+02  3.300E+01  0.000E+00  0.000E+00   4.00  1.971E+00  9.119E+01   1.00  1.00
10  91.187  91.187   3.500  5.850E+02  3.300E+01  0.000E+00  0.000E+00   4.00  1.959E+00  9.119E+01   1.00  1.00
10  91.187  91.187   4.500  4.810E+02  2.700E+01  0.000E+00  0.000E+00   4.00  1.948E+00  9.119E+01   1.00  1.00
10  91.187  91.187   5.500  4.460E+02  2.600E+01  0.000E+00  0.000E+00   4.00  1.939E+00  9.119E+01   1.00  1.00
10  91.187  91.187   6.500  4.190E+02  2.500E+01  0.000E+00  0.000E+00   4.00  1.930E+00  9.119E+01   1.00  1.00
10  91.187  91.187   7.500  3.300E+02  2.200E+01  0.000E+00  0.000E+00   4.00  1.922E+00  9.119E+01   1.00  1.00
10  91.187  91.187   8.500  2.970E+02  2.050E+01  0.000E+00  0.000E+00   4.00  1.915E+00  9.119E+01   1.00  1.00
10  91.187  91.187   9.500  2.760E+02  2.000E+01  0.000E+00  0.000E+00   4.00  1.907E+00  9.119E+01   1.00  1.00
10  91.187  91.187  11.000  2.150E+02  1.600E+01  0.000E+00  0.000E+00   4.00  1.897E+00  9.119E+01   1.00  1.00
10  91.187  91.187  13.000  1.620E+02  1.300E+01  0.000E+00  0.000E+00   4.00  1.885E+00  9.119E+01   1.00  1.00
10  91.187  91.187  15.000  1.320E+02  1.160E+01  0.000E+00  0.000E+00   4.00  1.873E+00  9.119E+01   1.00  1.00
10  91.187  91.187  17.000  1.050E+02  9.800E+00  0.000E+00  0.000E+00   4.00  1.862E+00  9.119E+01   1.00  1.00
10  91.187  91.187  19.000  9.540E+01  9.200E+00  0.000E+00  0.000E+00   4.00  1.851E+00  9.119E+01   1.00  1.00
