12   4.000   5.000   0.100  6.290E+00  3.200E-01  0.000E+00  0.000E+00    25   3.000E-02  5.452E+00         1.45    
12   4.000   5.000   0.300  5.880E+00  2.400E-01  0.000E+00  0.000E+00    25   3.000E-02  5.455E+00         2.04  
12   4.000   5.000   0.500  4.750E+00  2.300E-01  0.000E+00  0.000E+00    25   3.000E-02  5.460E+00         2.17  
12   4.000   5.000   0.700  3.690E+00  2.200E-01  0.000E+00  0.000E+00    25   3.000E-02  5.459E+00         2.20  
12   4.000   5.000   0.900  2.930E+00  2.200E-01  0.000E+00  0.000E+00    25   3.000E-02  5.462E+00         2.21  
12   4.000   5.000   1.100  1.680E+00  1.600E-01  0.000E+00  0.000E+00    25   3.000E-02  5.464E+00         2.19  
12   4.000   5.000   1.300  1.260E+00  1.400E-01  0.000E+00  0.000E+00    25   3.000E-02  5.465E+00         2.18  
12   5.000   6.000   0.100  1.630E+00  1.100E-01  0.000E+00  0.000E+00    25   3.000E-02  5.452E+00         1.53    
12   5.000   6.000   0.300  1.440E+00  8.000E-02  0.000E+00  0.000E+00    25   3.000E-02  5.455E+00         2.10  
12   5.000   6.000   0.500  1.190E+00  7.000E-02  0.000E+00  0.000E+00    25   3.000E-02  5.460E+00         2.23  
12   5.000   6.000   0.700  1.040E+00  7.000E-02  0.000E+00  0.000E+00    25   3.000E-02  5.459E+00         2.27  
12   5.000   6.000   0.900  6.010E-01  5.100E-02  0.000E+00  0.000E+00    25   3.000E-02  5.462E+00         2.28  
12   5.000   6.000   1.100  4.410E-01  4.300E-02  0.000E+00  0.000E+00    25   3.000E-02  5.464E+00         2.27  
12   5.000   6.000   1.300  2.480E-01  3.000E-02  0.000E+00  0.000E+00    25   3.000E-02  5.465E+00         2.26  
12   6.000   7.000   0.100  3.990E-01  4.300E-02  0.000E+00  0.000E+00    25   3.000E-02  6.461E+00         1.62  
12   6.000   7.000   0.300  3.420E-01  2.500E-02  0.000E+00  0.000E+00    25   3.000E-02  6.462E+00         2.17  
12   6.000   7.000   0.500  3.330E-01  2.200E-02  0.000E+00  0.000E+00    25   3.000E-02  6.463E+00         2.30  
12   6.000   7.000   0.700  2.550E-01  2.000E-02  0.000E+00  0.000E+00    25   3.000E-02  6.462E+00         2.34  
12   6.000   7.000   0.900  1.810E-01  1.700E-02  0.000E+00  0.000E+00    25   3.000E-02  6.464E+00         2.36  
12   6.000   7.000   1.100  1.300E-01  1.400E-02  0.000E+00  0.000E+00    25   3.000E-02  6.465E+00         2.36  
12   6.000   7.000   1.300  7.300E-02  1.100E-02  0.000E+00  0.000E+00    25   3.000E-02  6.467E+00         2.35  
12   7.000   8.000   0.100  9.450E-02  1.880E-02  0.000E+00  0.000E+00    25   3.000E-02  7.472E+00         1.71  
12   7.000   8.000   0.300  9.010E-02  1.110E-02  0.000E+00  0.000E+00    25   3.000E-02  7.464E+00         2.25  
12   7.000   8.000   0.500  7.020E-02  8.400E-03  0.000E+00  0.000E+00    25   3.000E-02  7.465E+00         2.37  
12   7.000   8.000   0.700  5.220E-02  6.900E-03  0.000E+00  0.000E+00    25   3.000E-02  7.465E+00         2.42  
12   7.000   8.000   0.900  4.110E-02  6.100E-03  0.000E+00  0.000E+00    25   3.000E-02  7.466E+00         2.44  
12   7.000   8.000   1.100  2.970E-02  5.400E-03  0.000E+00  0.000E+00    25   3.000E-02  7.466E+00         2.44  
12   7.000   8.000   1.300  1.640E-02  3.800E-03  0.000E+00  0.000E+00    25   3.000E-02  7.467E+00         2.43  
