17   5.000   8.000   0.200  1.050E+02  1.300E+01  0.000E+00  0.000E+00  10.00  1.459E+00  6.220E+00   2.12  1.00  
17   5.000   8.000   0.600  9.380E+01  9.800E+00  0.000E+00  0.000E+00  10.00  1.459E+00  6.224E+00   2.44  1.00
17   5.000   8.000   1.000  5.700E+01  5.000E+00  0.000E+00  0.000E+00  10.00  1.454E+00  6.233E+00   2.48  1.00
17   5.000   8.000   1.400  3.620E+01  3.500E+00  0.000E+00  0.000E+00  10.00  1.444E+00  6.245E+00   2.48  1.00
17   5.000   8.000   1.800  2.350E+01  2.800E+00  0.000E+00  0.000E+00  10.00  1.432E+00  6.255E+00   2.47  1.00
17   8.000  11.000   0.200  1.100E+01  3.000E+00  0.000E+00  0.000E+00  10.00  1.250E+00  9.282E+00   2.37  1.00
17   8.000  11.000   0.600  1.220E+01  2.000E+00  0.000E+00  0.000E+00  10.00  1.248E+00  9.285E+00   2.65  1.00
17   8.000  11.000   1.000  8.400E+00  1.200E+00  0.000E+00  0.000E+00  10.00  1.243E+00  9.291E+00   2.69  1.00
17   8.000  11.000   1.400  4.950E+00  6.500E-01  0.000E+00  0.000E+00  10.00  1.235E+00  9.297E+00   2.70  1.00
17   8.000  11.000   1.800  3.000E+00  6.000E-01  0.000E+00  0.000E+00  10.00  1.225E+00  9.303E+00   2.70  1.00
