15   9.000  10.000   0.100  1.170E-01  8.000E-03  0.000E+00  0.000E+00    25   3.000E-02                    1.00  1.00
15   9.000  10.000   0.300  1.190E-01  5.000E-03  0.000E+00  0.000E+00    25   3.000E-02                    1.00  1.00
15   9.000  10.000   0.500  1.090E-01  4.000E-03  0.000E+00  0.000E+00    25   3.000E-02                    1.00  1.00
15   9.000  10.000   0.700  9.400E-02  3.000E-03  0.000E+00  0.000E+00    25   3.000E-02                    1.00  1.00
15   9.000  10.000   0.900  7.800E-02  3.000E-03  0.000E+00  0.000E+00    25   3.000E-02                    1.00  1.00
15   9.000  10.000   1.100  5.000E-02  2.000E-03  0.000E+00  0.000E+00    25   3.000E-02                    1.00  1.00
15   9.000  10.000   1.300  4.400E-02  2.000E-03  0.000E+00  0.000E+00    25   3.000E-02                    1.00  1.00
15  10.000  11.000   0.100  3.650E-02  4.200E-03  0.000E+00  0.000E+00    25   3.000E-02                    1.00  1.00
15  10.000  11.000   0.300  3.780E-02  2.500E-03  0.000E+00  0.000E+00    25   3.000E-02                    1.00  1.00
15  10.000  11.000   0.500  3.230E-02  1.900E-03  0.000E+00  0.000E+00    25   3.000E-02                    1.00  1.00
15  10.000  11.000   0.700  2.570E-02  1.600E-03  0.000E+00  0.000E+00    25   3.000E-02                    1.00  1.00
15  10.000  11.000   0.900  2.320E-02  1.400E-03  0.000E+00  0.000E+00    25   3.000E-02                    1.00  1.00
15  10.000  11.000   1.100  1.990E-02  1.300E-03  0.000E+00  0.000E+00    25   3.000E-02                    1.00  1.00
15  10.000  11.000   1.300  1.280E-02  1.000E-03  0.000E+00  0.000E+00    25   3.000E-02                    1.00  1.00
15  11.000  12.000   0.100  9.930E-03  2.140E-03  0.000E+00  0.000E+00    25   3.000E-02                    1.00  1.00
15  11.000  12.000   0.300  6.990E-03  9.700E-04  0.000E+00  0.000E+00    25   3.000E-02                    1.00  1.00
15  11.000  12.000   0.500  7.530E-03  8.600E-04  0.000E+00  0.000E+00    25   3.000E-02                    1.00  1.00
15  11.000  12.000   0.700  5.090E-03  6.000E-04  0.000E+00  0.000E+00    25   3.000E-02                    1.00  1.00
15  11.000  12.000   0.900  3.770E-03  4.700E-04  0.000E+00  0.000E+00    25   3.000E-02                    1.00  1.00
15  11.000  12.000   1.100  3.340E-03  4.300E-04  0.000E+00  0.000E+00    25   3.000E-02                    1.00  1.00
15  11.000  12.000   1.300  2.890E-03  4.000E-04  0.000E+00  0.000E+00    25   3.000E-02                    1.00  1.00
15  12.000  13.000   0.100  2.250E-03  8.500E-04  0.000E+00  0.000E+00    25   3.000E-02                    1.00  1.00
15  12.000  13.000   0.300  2.590E-03  5.400E-04  0.000E+00  0.000E+00    25   3.000E-02                    1.00  1.00
15  12.000  13.000   0.500  1.570E-03  3.500E-04  0.000E+00  0.000E+00    25   3.000E-02                    1.00  1.00
15  12.000  13.000   0.700  2.070E-03  3.400E-04  0.000E+00  0.000E+00    25   3.000E-02                    1.00  1.00
15  12.000  13.000   0.900  1.540E-03  2.700E-04  0.000E+00  0.000E+00    25   3.000E-02                    1.00  1.00
15  12.000  13.000   1.100  1.290E-03  2.400E-04  0.000E+00  0.000E+00    25   3.000E-02                    1.00  1.00
15  12.000  13.000   1.300  9.700E-04  2.000E-04  0.000E+00  0.000E+00    25   3.000E-02                    1.00  1.00
15  13.000  14.000   0.100  8.700E-04  5.100E-04  0.000E+00  0.000E+00    25   3.000E-02                    1.00  1.00
15  13.000  14.000   0.300  5.700E-04  2.300E-04  0.000E+00  0.000E+00    25   3.000E-02                    1.00  1.00
15  13.000  14.000   0.500  6.200E-04  2.000E-04  0.000E+00  0.000E+00    25   3.000E-02                    1.00  1.00
15  13.000  14.000   0.700  8.500E-04  2.100E-04  0.000E+00  0.000E+00    25   3.000E-02                    1.00  1.00
15  13.000  14.000   0.900  3.800E-04  1.300E-04  0.000E+00  0.000E+00    25   3.000E-02                    1.00  1.00
15  13.000  14.000   1.100  3.500E-04  1.100E-04  0.000E+00  0.000E+00    25   3.000E-02                    1.00  1.00
15  13.000  14.000   1.300  2.900E-04  1.000E-04  0.000E+00  0.000E+00    25   3.000E-02                    1.00  1.00
