ptE288                                                                          
A. Ito, et al. (E288), Phys. Rev. D23, 604 (1981); p+Cu (neutron fraction=0.6); y=0.03                             
CPY: The kfac=(NNLO/NLO) should only be applied to the Y-piece.
2 Norm_err corr_err Ecm    y                                                    
  0.0    1         27.4   0.03                                                 
   Qmin   Qmax     pT        Xsec      TotErr   dummySys    dumUnCor  Norm   <y>	<Q>	         Kfac(NNLO/NLO)
   5.000   6.000   0.100  2.880E+00  1.200E-01  0.000E+00  0.000E+00    25   3.000E-02  5.452E+00         1.00 
   5.000   6.000   0.300  2.760E+00  8.000E-02  0.000E+00  0.000E+00    25   3.000E-02  5.455E+00         1.00
   5.000   6.000   0.500  2.300E+00  7.000E-02  0.000E+00  0.000E+00    25   3.000E-02  5.460E+00         1.00
   5.000   6.000   0.700  2.080E+00  7.000E-02  0.000E+00  0.000E+00    25   3.000E-02  5.459E+00         1.00
   5.000   6.000   0.900  1.480E+00  6.000E-02  0.000E+00  0.000E+00    25   3.000E-02  5.462E+00         1.00
   5.000   6.000   1.100  1.180E+00  6.000E-02  0.000E+00  0.000E+00    25   3.000E-02  5.464E+00         1.00
   5.000   6.000   1.300  8.170E-01  4.800E-02  0.000E+00  0.000E+00    25   3.000E-02  5.465E+00         1.00
   6.000   7.000   0.100  1.040E+00  3.000E-02  0.000E+00  0.000E+00    25   3.000E-02  6.461E+00         1.00
   6.000   7.000   0.300  9.660E-01  1.800E-02  0.000E+00  0.000E+00    25   3.000E-02  6.462E+00         1.00
   6.000   7.000   0.500  8.940E-01  1.600E-02  0.000E+00  0.000E+00    25   3.000E-02  6.463E+00         1.00
   6.000   7.000   0.700  7.070E-01  1.400E-02  0.000E+00  0.000E+00    25   3.000E-02  6.462E+00         1.00
   6.000   7.000   0.900  5.940E-01  1.400E-02  0.000E+00  0.000E+00    25   3.000E-02  6.464E+00         1.00
   6.000   7.000   1.100  4.400E-01  1.200E-02  0.000E+00  0.000E+00    25   3.000E-02  6.465E+00         1.00
   6.000   7.000   1.300  3.300E-01  1.100E-02  0.000E+00  0.000E+00    25   3.000E-02  6.467E+00         1.00
   7.000   8.000   0.100  3.820E-01  1.600E-02  0.000E+00  0.000E+00    25   3.000E-02  7.472E+00         1.00
   7.000   8.000   0.300  3.540E-01  9.000E-03  0.000E+00  0.000E+00    25   3.000E-02  7.464E+00         1.00
   7.000   8.000   0.500  3.280E-01  8.000E-03  0.000E+00  0.000E+00    25   3.000E-02  7.465E+00         1.00
   7.000   8.000   0.700  2.800E-01  7.000E-03  0.000E+00  0.000E+00    25   3.000E-02  7.465E+00         1.00
   7.000   8.000   0.900  2.210E-01  7.000E-03  0.000E+00  0.000E+00    25   3.000E-02  7.466E+00         1.00
   7.000   8.000   1.100  1.700E-01  6.000E-03  0.000E+00  0.000E+00    25   3.000E-02  7.466E+00         1.00
   7.000   8.000   1.300  1.250E-01  5.000E-03  0.000E+00  0.000E+00    25   3.000E-02  7.467E+00         1.00
   8.000   9.000   0.100  1.580E-01  9.000E-03  0.000E+00  0.000E+00    25   3.000E-02  8.463E+00         1.00
   8.000   9.000   0.300  1.380E-01  5.000E-03  0.000E+00  0.000E+00    25   3.000E-02  8.465E+00         1.00
   8.000   9.000   0.500  1.220E-01  4.000E-03  0.000E+00  0.000E+00    25   3.000E-02  8.465E+00         1.00
   8.000   9.000   0.700  1.120E-01  4.000E-03  0.000E+00  0.000E+00    25   3.000E-02  8.466E+00         1.00
   8.000   9.000   0.900  8.300E-02  3.000E-03  0.000E+00  0.000E+00    25   3.000E-02  8.466E+00         1.00
   8.000   9.000   1.100  6.300E-02  3.000E-03  0.000E+00  0.000E+00    25   3.000E-02  8.467E+00         1.00
   8.000   9.000   1.300  4.700E-02  2.000E-03  0.000E+00  0.000E+00    25   3.000E-02  8.468E+00         1.00
   9.000  10.000   0.100  1.170E-01  8.000E-03  0.000E+00  0.000E+00    25   3.000E-02   5.452E+00                 1.00
   9.000  10.000   0.300  1.190E-01  5.000E-03  0.000E+00  0.000E+00    25   3.000E-02   5.455E+00                 1.00
   9.000  10.000   0.500  1.090E-01  4.000E-03  0.000E+00  0.000E+00    25   3.000E-02   5.460E+00                 1.00
   9.000  10.000   0.700  9.400E-02  3.000E-03  0.000E+00  0.000E+00    25   3.000E-02   5.459E+00                 1.00
   9.000  10.000   0.900  7.800E-02  3.000E-03  0.000E+00  0.000E+00    25   3.000E-02   5.462E+00                 1.00
   9.000  10.000   1.100  5.000E-02  2.000E-03  0.000E+00  0.000E+00    25   3.000E-02   5.464E+00                 1.00
   9.000  10.000   1.300  4.400E-02  2.000E-03  0.000E+00  0.000E+00    25   3.000E-02   5.465E+00                 1.00
  10.000  11.000   0.100  3.650E-02  4.200E-03  0.000E+00  0.000E+00    25   3.000E-02   6.461E+00                 1.00
  10.000  11.000   0.300  3.780E-02  2.500E-03  0.000E+00  0.000E+00    25   3.000E-02   6.462E+00                 1.00
  10.000  11.000   0.500  3.230E-02  1.900E-03  0.000E+00  0.000E+00    25   3.000E-02   6.463E+00                 1.00
  10.000  11.000   0.700  2.570E-02  1.600E-03  0.000E+00  0.000E+00    25   3.000E-02   6.462E+00                 1.00
  10.000  11.000   0.900  2.320E-02  1.400E-03  0.000E+00  0.000E+00    25   3.000E-02   6.464E+00                 1.00
  10.000  11.000   1.100  1.990E-02  1.300E-03  0.000E+00  0.000E+00    25   3.000E-02   6.465E+00                 1.00
  10.000  11.000   1.300  1.280E-02  1.000E-03  0.000E+00  0.000E+00    25   3.000E-02   6.467E+00                 1.00
  11.000  12.000   0.100  9.930E-03  2.140E-03  0.000E+00  0.000E+00    25   3.000E-02   7.472E+00                 1.00
  11.000  12.000   0.300  6.990E-03  9.700E-04  0.000E+00  0.000E+00    25   3.000E-02   7.464E+00                 1.00
  11.000  12.000   0.500  7.530E-03  8.600E-04  0.000E+00  0.000E+00    25   3.000E-02   7.465E+00                 1.00
  11.000  12.000   0.700  5.090E-03  6.000E-04  0.000E+00  0.000E+00    25   3.000E-02   7.465E+00                 1.00
  11.000  12.000   0.900  3.770E-03  4.700E-04  0.000E+00  0.000E+00    25   3.000E-02   7.466E+00                 1.00
  11.000  12.000   1.100  3.340E-03  4.300E-04  0.000E+00  0.000E+00    25   3.000E-02   7.466E+00                 1.00
  11.000  12.000   1.300  2.890E-03  4.000E-04  0.000E+00  0.000E+00    25   3.000E-02   7.467E+00                 1.00
  12.000  13.000   0.100  2.250E-03  8.500E-04  0.000E+00  0.000E+00    25   3.000E-02   8.463E+00                 1.00
  12.000  13.000   0.300  2.590E-03  5.400E-04  0.000E+00  0.000E+00    25   3.000E-02   8.465E+00                 1.00
  12.000  13.000   0.500  1.570E-03  3.500E-04  0.000E+00  0.000E+00    25   3.000E-02   8.465E+00                 1.00
  12.000  13.000   0.700  2.070E-03  3.400E-04  0.000E+00  0.000E+00    25   3.000E-02   8.466E+00                 1.00
  12.000  13.000   0.900  1.540E-03  2.700E-04  0.000E+00  0.000E+00    25   3.000E-02   8.466E+00                 1.00
  12.000  13.000   1.100  1.290E-03  2.400E-04  0.000E+00  0.000E+00    25   3.000E-02   8.467E+00                 1.00
  12.000  13.000   1.300  9.700E-04  2.000E-04  0.000E+00  0.000E+00    25   3.000E-02   8.468E+00                 1.00
  13.000  14.000   0.100  8.700E-04  5.100E-04  0.000E+00  0.000E+00    25   3.000E-02    5.452E+00                1.00
  13.000  14.000   0.300  5.700E-04  2.300E-04  0.000E+00  0.000E+00    25   3.000E-02    5.455E+00                1.00
  13.000  14.000   0.500  6.200E-04  2.000E-04  0.000E+00  0.000E+00    25   3.000E-02    5.460E+00                1.00
  13.000  14.000   0.700  8.500E-04  2.100E-04  0.000E+00  0.000E+00    25   3.000E-02    5.459E+00                1.00
  13.000  14.000   0.900  3.800E-04  1.300E-04  0.000E+00  0.000E+00    25   3.000E-02    5.462E+00                1.00
  13.000  14.000   1.100  3.500E-04  1.100E-04  0.000E+00  0.000E+00    25   3.000E-02    5.464E+00                1.00
  13.000  14.000   1.300  2.900E-04  1.000E-04  0.000E+00  0.000E+00    25   3.000E-02    5.465E+00                1.00
                                                                                          6.461E+00
                                                                                          6.462E+00
                                                                                          6.463E+00
                                                                                          6.462E+00
                                                                                          6.464E+00
                                                                                          6.465E+00
                                                                                          6.467E+00
                                                                                          7.472E+00
                                                                                          7.464E+00
                                                                                          7.465E+00
                                                                                          7.465E+00
                                                                                          7.466E+00
                                                                                          7.466E+00
                                                                                          7.467E+00
                                                                                          8.463E+00
                                                                                          8.465E+00
                                                                                          8.465E+00
                                                                                          8.466E+00
                                                                                          8.466E+00
                                                                                          8.467E+00
                                                                                          8.468E+00
