13   4.000   5.000   0.100  9.160E+00  4.200E-01  0.000E+00  0.000E+00    25   3.000E-02  5.452E+00         1.42  1.00  
13   4.000   5.000   0.300  7.650E+00  3.000E-01  0.000E+00  0.000E+00    25   3.000E-02  5.455E+00         2.02  1.00
13   4.000   5.000   0.500  6.610E+00  3.000E-01  0.000E+00  0.000E+00    25   3.000E-02  5.460E+00         2.14  1.00
13   4.000   5.000   0.700  5.580E+00  3.000E-01  0.000E+00  0.000E+00    25   3.000E-02  5.459E+00         2.18  1.00
13   4.000   5.000   0.900  3.910E+00  2.700E-01  0.000E+00  0.000E+00    25   3.000E-02  5.462E+00         2.18  1.00
13   4.000   5.000   1.100  2.730E+00  2.300E-01  0.000E+00  0.000E+00    25   3.000E-02  5.464E+00         2.17  1.00
13   4.000   5.000   1.300  1.850E+00  2.000E-01  0.000E+00  0.000E+00    25   3.000E-02  5.465E+00         2.15  1.00
13   5.000   6.000   0.100  2.570E+00  1.600E-01  0.000E+00  0.000E+00    25   3.000E-02  5.452E+00         1.49  1.00  
13   5.000   6.000   0.300  2.300E+00  1.000E-01  0.000E+00  0.000E+00    25   3.000E-02  5.455E+00         2.07  1.00
13   5.000   6.000   0.500  2.070E+00  1.000E-01  0.000E+00  0.000E+00    25   3.000E-02  5.460E+00         2.20  1.00
13   5.000   6.000   0.700  1.820E+00  1.100E-01  0.000E+00  0.000E+00    25   3.000E-02  5.459E+00         2.24  1.00
13   5.000   6.000   0.900  1.130E+00  8.000E-02  0.000E+00  0.000E+00    25   3.000E-02  5.462E+00         2.25  1.00
13   5.000   6.000   1.100  8.720E-01  7.300E-02  0.000E+00  0.000E+00    25   3.000E-02  5.464E+00         2.24  1.00
13   5.000   6.000   1.300  6.350E-01  6.100E-02  0.000E+00  0.000E+00    25   3.000E-02  5.465E+00         2.23  1.00
13   6.000   7.000   0.100  8.490E-01  7.000E-02  0.000E+00  0.000E+00    25   3.000E-02  6.461E+00         1.56  1.00
13   6.000   7.000   0.300  7.830E-01  4.300E-02  0.000E+00  0.000E+00    25   3.000E-02  6.462E+00         2.13  1.00
13   6.000   7.000   0.500  6.550E-01  3.500E-02  0.000E+00  0.000E+00    25   3.000E-02  6.463E+00         2.26  1.00
13   6.000   7.000   0.700  5.400E-01  3.300E-02  0.000E+00  0.000E+00    25   3.000E-02  6.462E+00         2.31  1.00
13   6.000   7.000   0.900  4.140E-01  3.000E-02  0.000E+00  0.000E+00    25   3.000E-02  6.464E+00         2.32  1.00
13   6.000   7.000   1.100  2.860E-01  2.400E-02  0.000E+00  0.000E+00    25   3.000E-02  6.465E+00         2.32  1.00
13   6.000   7.000   1.300  1.870E-01  1.900E-02  0.000E+00  0.000E+00    25   3.000E-02  6.467E+00         2.31  1.00
13   7.000   8.000   0.100  2.860E-01  3.900E-02  0.000E+00  0.000E+00    25   3.000E-02  7.472E+00         1.65  1.00
13   7.000   8.000   0.300  2.530E-01  2.200E-02  0.000E+00  0.000E+00    25   3.000E-02  7.464E+00         2.20  1.00
13   7.000   8.000   0.500  2.370E-01  1.900E-02  0.000E+00  0.000E+00    25   3.000E-02  7.465E+00         2.33  1.00
13   7.000   8.000   0.700  1.970E-01  1.600E-02  0.000E+00  0.000E+00    25   3.000E-02  7.465E+00         2.38  1.00
13   7.000   8.000   0.900  1.450E-01  1.400E-02  0.000E+00  0.000E+00    25   3.000E-02  7.466E+00         2.40  1.00
13   7.000   8.000   1.100  1.100E-01  1.200E-02  0.000E+00  0.000E+00    25   3.000E-02  7.466E+00         2.40  1.00
13   7.000   8.000   1.300  7.810E-02  9.800E-03  0.000E+00  0.000E+00    25   3.000E-02  7.467E+00         2.40  1.00
13  11.000  12.000   0.100  2.710E-03  2.720E-03  0.000E+00  0.000E+00    25   3.000E-02   6.461E+00         2.04  1.00                   
13  11.000  12.000   0.300  7.900E-04  7.900E-04  0.000E+00  0.000E+00    25   3.000E-02   6.462E+00         2.53  1.00                   
13  11.000  12.000   0.500  1.010E-03  7.200E-04  0.000E+00  0.000E+00    25   3.000E-02   6.463E+00         2.65  1.00                   
13  11.000  12.000   0.700  1.000E-03  5.800E-04  0.000E+00  0.000E+00    25   3.000E-02   6.462E+00         2.70  1.00                   
13  11.000  12.000   0.900  6.800E-04  4.800E-04  0.000E+00  0.000E+00    25   3.000E-02   6.464E+00         2.72  1.00                   
13  11.000  12.000   1.100  1.180E-03  6.000E-04  0.000E+00  0.000E+00    25   3.000E-02   6.465E+00         2.73  1.00                   
13  11.000  12.000   1.300  2.600E-04  2.600E-04  0.000E+00  0.000E+00    25   3.000E-02   6.467E+00         2.74  1.00                   
