16   7.000   8.000   0.100  7.850E-01  1.150E-01  3.925E-02  3.925E-02	15   2.567E-01  7.473E+00     1.33   1.00 
16   7.000   8.000   0.300  9.730E-01  8.610E-02  4.865E-02  4.865E-02	15   2.566E-01  7.471E+00     1.94   1.00
16   7.000   8.000   0.500  8.250E-01  6.160E-02  4.125E-02  4.125E-02	15   2.563E-01  7.471E+00     2.10   1.00
16   7.000   8.000   0.700  8.050E-01  5.700E-02  4.025E-02  4.025E-02	15   2.556E-01  7.475E+00     2.17   1.00
16   7.000   8.000   0.900  5.690E-01  4.220E-02  2.845E-02  2.845E-02	15   2.550E-01  7.473E+00     2.19   1.00
16   7.000   8.000   1.100  5.370E-01  4.470E-02  2.685E-02  2.685E-02	15   2.541E-01  7.473E+00     2.20   1.00
16   7.000   8.000   1.300  3.880E-01  3.900E-02  1.940E-02  1.940E-02	15   2.530E-01  7.474E+00     2.20   1.00
16   8.000   9.000   0.100  3.330E-01  2.460E-02  1.665E-02  1.665E-02	15   2.271E-01  8.471E+00     1.38   1.00
16   8.000   9.000   0.300  4.390E-01  2.010E-02  2.195E-02  2.195E-02	15   2.269E-01  8.472E+00     1.98   1.00
16   8.000   9.000   0.500  3.680E-01  1.390E-02  1.840E-02  1.840E-02	15   2.266E-01  8.474E+00     2.14   1.00
16   8.000   9.000   0.700  3.700E-01  1.360E-02  1.850E-02  1.850E-02	15   2.262E-01  8.473E+00     2.20   1.00
16   8.000   9.000   0.900  2.590E-01  9.880E-03  1.295E-02  1.295E-02	15   2.257E-01  8.474E+00     2.23   1.00
16   8.000   9.000   1.100  2.240E-01  9.330E-03  1.120E-02  1.120E-02	15   2.251E-01  8.474E+00     2.24   1.00
16   8.000   9.000   1.300  1.800E-01  8.950E-03  9.000E-03  9.000E-03	15   2.244E-01  8.475E+00     2.24   1.00
16  10.500  11.500   0.100  7.010E-02  8.400E-03  3.505E-03  3.505E-03	15   1.759E-01  1.097E+01     1.46   1.00
16  10.500  11.500   0.300  7.840E-02  5.540E-03  3.920E-03  3.920E-03	15   1.758E-01  1.097E+01     2.04   1.00
16  10.500  11.500   0.500  7.120E-02  4.120E-03  3.560E-03  3.560E-03	15   1.757E-01  1.098E+01     2.19   1.00
16  10.500  11.500   0.700  6.240E-02  3.310E-03  3.120E-03  3.120E-03	15   1.755E-01  1.098E+01     2.26   1.00
16  10.500  11.500   0.900  5.030E-02  2.650E-03  2.515E-03  2.515E-03	15   1.753E-01  1.098E+01     2.29   1.00
16  10.500  11.500   1.100  3.900E-02  2.070E-03  1.950E-03  1.950E-03	15   1.750E-01  1.098E+01     2.30   1.00
16  10.500  11.500   1.300  3.120E-02  1.760E-03  1.560E-03  1.560E-03	15   1.746E-01  1.098E+01     2.20   1.00
16  11.500  13.500   0.100  5.080E-02  6.420E-03  2.540E-03  2.540E-03	15   1.559E-01  1.240E+01     1.56   1.00
16  11.500  13.500   0.300  6.790E-02  4.790E-03  3.395E-03  3.395E-03	15   1.533E-01  1.260E+01     2.12   1.00
16  11.500  13.500   0.500  6.460E-02  3.870E-03  3.230E-03  3.230E-03	15   1.557E-01  1.240E+01     2.27   1.00
16  11.500  13.500   0.700  4.920E-02  2.630E-03  2.460E-03  2.460E-03	15   1.555E-01  1.240E+01     2.33   1.00
16  11.500  13.500   0.900  4.170E-02  2.190E-03  2.085E-03  2.085E-03	15   1.554E-01  1.240E+01     2.36   1.00
16  11.500  13.500   1.100  3.230E-02  1.760E-03  1.615E-03  1.615E-03	15   1.551E-01  1.241E+01     2.38   1.00
16  11.500  13.500   1.300  2.470E-02  1.460E-03  1.235E-03  1.235E-03	15   1.549E-01  1.241E+01     2.38   1.00
16  13.500  18.000   0.100  2.400E-02  5.460E-03  1.200E-03  1.200E-03	15   1.267E-01  1.527E+01     1.68   1.00
16  13.500  18.000   0.300  2.060E-02  2.900E-03  1.030E-03  1.030E-03	15   1.267E-01  1.527E+01     2.23   1.00
16  13.500  18.000   0.500  1.880E-02  2.130E-03  9.400E-04  9.400E-04	15   1.266E-01  1.527E+01     2.38   1.00
16  13.500  18.000   0.700  1.710E-02  1.720E-03  8.550E-04  8.550E-04	15   1.265E-01  1.527E+01     2.44   1.00
16  13.500  18.000   0.900  9.730E-03  1.160E-03  4.865E-04  4.865E-04	15   1.264E-01  1.528E+01     2.47   1.00
16  13.500  18.000   1.100  1.070E-02  1.090E-03  5.350E-04  5.350E-04	15   1.263E-01  1.528E+01     2.49   1.00
16  13.500  18.000   1.300  7.910E-03  8.790E-04  3.955E-04  3.955E-04	15   1.261E-01  1.528E+01     2.50   1.00
